Names:
pA0x0 pA0x1 pB0y0 pB0y1 pAB00x0y0 pAB00x0y1 pAB00x1y0 pAB00x1y1

Vertices:
0 0 0 0 0 0 0 0
0 0 0 1 0 0 0 0
0 0 1 0 0 0 0 0
0 0 1 1 0 0 0 0
0 1 0 0 0 0 0 0
0 1 0 1 0 0 0 1
0 1 1 0 0 0 1 0
0 1 1 1 0 0 1 1
1 0 0 0 0 0 0 0
1 0 0 1 0 1 0 0
1 0 1 0 1 0 0 0
1 0 1 1 1 1 0 0
1 1 0 0 0 0 0 0
1 1 0 1 0 1 0 1
1 1 1 0 1 0 1 0
1 1 1 1 1 1 1 1

VERTEX_PERMUTATIONS:
0 1 2 3 8 9 10 11 4 5 6 7 12 13 14 15
0 2 1 3 4 6 5 7 8 10 9 11 12 14 13 15
8 9 10 11 12 13 14 15 0 1 2 3 4 5 6 7
2 3 0 1 6 7 4 5 10 11 8 9 14 15 12 13
0 4 8 12 1 5 9 13 2 6 10 14 3 7 11 15
