Names:
pA0x0 pA0x1 pA0x2 pB0y0 pB0y1 pB1y0 pB1y1 pAB00x0y0 pAB00x0y1 pAB00x1y0 pAB00x1y1 pAB00x2y0 pAB00x2y1 pAB01x0y0 pAB01x0y1 pAB01x1y0 pAB01x1y1 pAB01x2y0 pAB01x2y1

Vertices:
0 0 0 0 0 0 0 0 0 0 0 0 0 0 0 0 0 0 0
0 0 0 0 0 0 1 0 0 0 0 0 0 0 0 0 0 0 0
0 0 0 0 0 1 0 0 0 0 0 0 0 0 0 0 0 0 0
0 0 0 0 0 1 1 0 0 0 0 0 0 0 0 0 0 0 0
0 0 0 0 1 0 0 0 0 0 0 0 0 0 0 0 0 0 0
0 0 0 0 1 1 0 0 0 0 0 0 0 0 0 0 0 0 0
0 0 0 1 0 0 0 0 0 0 0 0 0 0 0 0 0 0 0
0 0 0 1 0 0 1 0 0 0 0 0 0 0 0 0 0 0 0
0 0 0 1 1 0 0 0 0 0 0 0 0 0 0 0 0 0 0
0 0 1 0 0 0 0 0 0 0 0 0 0 0 0 0 0 0 0
0 0 1 0 0 0 1 0 0 0 0 0 0 0 0 0 0 0 1
0 0 1 0 0 1 0 0 0 0 0 0 0 0 0 0 0 1 0
0 0 1 0 0 1 1 0 0 0 0 0 0 0 0 0 0 1 1
0 0 1 0 1 0 0 0 0 0 0 0 1 0 0 0 0 0 0
0 0 1 0 1 1 0 0 0 0 0 0 1 0 0 0 0 1 0
0 0 1 1 0 0 0 0 0 0 0 1 0 0 0 0 0 0 0
0 0 1 1 0 0 1 0 0 0 0 1 0 0 0 0 0 0 1
0 0 1 1 1 0 0 0 0 0 0 1 1 0 0 0 0 0 0
0 1 0 0 0 0 0 0 0 0 0 0 0 0 0 0 0 0 0
0 1 0 0 0 0 1 0 0 0 0 0 0 0 0 0 1 0 0
0 1 0 0 0 1 0 0 0 0 0 0 0 0 0 1 0 0 0
0 1 0 0 0 1 1 0 0 0 0 0 0 0 0 1 1 0 0
0 1 0 0 1 0 0 0 0 0 1 0 0 0 0 0 0 0 0
0 1 0 0 1 1 0 0 0 0 1 0 0 0 0 1 0 0 0
0 1 0 1 0 0 0 0 0 1 0 0 0 0 0 0 0 0 0
0 1 0 1 0 0 1 0 0 1 0 0 0 0 0 0 1 0 0
0 1 0 1 1 0 0 0 0 1 1 0 0 0 0 0 0 0 0
0 1 1 0 0 0 0 0 0 0 0 0 0 0 0 0 0 0 0
0 1 1 0 0 0 1 0 0 0 0 0 0 0 0 0 1 0 1
0 1 1 0 0 1 0 0 0 0 0 0 0 0 0 1 0 1 0
0 1 1 0 0 1 1 0 0 0 0 0 0 0 0 1 1 1 1
0 1 1 0 1 0 0 0 0 0 1 0 1 0 0 0 0 0 0
0 1 1 0 1 1 0 0 0 0 1 0 1 0 0 1 0 1 0
0 1 1 1 0 0 0 0 0 1 0 1 0 0 0 0 0 0 0
0 1 1 1 0 0 1 0 0 1 0 1 0 0 0 0 1 0 1
0 1 1 1 1 0 0 0 0 1 1 1 1 0 0 0 0 0 0
1 0 0 0 0 0 0 0 0 0 0 0 0 0 0 0 0 0 0
1 0 0 0 0 0 1 0 0 0 0 0 0 0 1 0 0 0 0
1 0 0 0 0 1 0 0 0 0 0 0 0 1 0 0 0 0 0
1 0 0 0 0 1 1 0 0 0 0 0 0 1 1 0 0 0 0
1 0 0 0 1 0 0 0 1 0 0 0 0 0 0 0 0 0 0
1 0 0 0 1 1 0 0 1 0 0 0 0 1 0 0 0 0 0
1 0 0 1 0 0 0 1 0 0 0 0 0 0 0 0 0 0 0
1 0 0 1 0 0 1 1 0 0 0 0 0 0 1 0 0 0 0
1 0 0 1 1 0 0 1 1 0 0 0 0 0 0 0 0 0 0
1 0 1 0 0 0 0 0 0 0 0 0 0 0 0 0 0 0 0
1 0 1 0 0 0 1 0 0 0 0 0 0 0 1 0 0 0 1
1 0 1 0 0 1 0 0 0 0 0 0 0 1 0 0 0 1 0
1 0 1 0 0 1 1 0 0 0 0 0 0 1 1 0 0 1 1
1 0 1 0 1 0 0 0 1 0 0 0 1 0 0 0 0 0 0
1 0 1 0 1 1 0 0 1 0 0 0 1 1 0 0 0 1 0
1 0 1 1 0 0 0 1 0 0 0 1 0 0 0 0 0 0 0
1 0 1 1 0 0 1 1 0 0 0 1 0 0 1 0 0 0 1
1 0 1 1 1 0 0 1 1 0 0 1 1 0 0 0 0 0 0
1 1 0 0 0 0 0 0 0 0 0 0 0 0 0 0 0 0 0
1 1 0 0 0 0 1 0 0 0 0 0 0 0 1 0 1 0 0
1 1 0 0 0 1 0 0 0 0 0 0 0 1 0 1 0 0 0
1 1 0 0 0 1 1 0 0 0 0 0 0 1 1 1 1 0 0
1 1 0 0 1 0 0 0 1 0 1 0 0 0 0 0 0 0 0
1 1 0 0 1 1 0 0 1 0 1 0 0 1 0 1 0 0 0
1 1 0 1 0 0 0 1 0 1 0 0 0 0 0 0 0 0 0
1 1 0 1 0 0 1 1 0 1 0 0 0 0 1 0 1 0 0
1 1 0 1 1 0 0 1 1 1 1 0 0 0 0 0 0 0 0
1 1 1 0 0 0 0 0 0 0 0 0 0 0 0 0 0 0 0
1 1 1 0 0 0 1 0 0 0 0 0 0 0 1 0 1 0 1
1 1 1 0 0 1 0 0 0 0 0 0 0 1 0 1 0 1 0
1 1 1 0 0 1 1 0 0 0 0 0 0 1 1 1 1 1 1
1 1 1 0 1 0 0 0 1 0 1 0 1 0 0 0 0 0 0
1 1 1 0 1 1 0 0 1 0 1 0 1 1 0 1 0 1 0
1 1 1 1 0 0 0 1 0 1 0 1 0 0 0 0 0 0 0
1 1 1 1 0 0 1 1 0 1 0 1 0 0 1 0 1 0 1
1 1 1 1 1 0 0 1 1 1 1 1 1 0 0 0 0 0 0

VERTEX_PERMUTATIONS:
0 1 2 3 4 5 6 7 8 9 10 11 12 13 14 15 16 17 36 37 38 39 40 41 42 43 44 45 46 47 48 49 50 51 52 53 18 19 20 21 22 23 24 25 26 27 28 29 30 31 32 33 34 35 54 55 56 57 58 59 60 61 62 63 64 65 66 67 68 69 70 71
0 1 2 3 4 5 6 7 8 36 37 38 39 40 41 42 43 44 18 19 20 21 22 23 24 25 26 54 55 56 57 58 59 60 61 62 9 10 11 12 13 14 15 16 17 45 46 47 48 49 50 51 52 53 27 28 29 30 31 32 33 34 35 63 64 65 66 67 68 69 70 71
0 2 1 3 6 7 4 5 8 9 11 10 12 15 16 13 14 17 18 20 19 21 24 25 22 23 26 27 29 28 30 33 34 31 32 35 36 38 37 39 42 43 40 41 44 45 47 46 48 51 52 49 50 53 54 56 55 57 60 61 58 59 62 63 65 64 66 69 70 67 68 71
36 37 38 39 40 41 42 43 44 45 46 47 48 49 50 51 52 53 54 55 56 57 58 59 60 61 62 63 64 65 66 67 68 69 70 71 0 1 2 3 4 5 6 7 8 9 10 11 12 13 14 15 16 17 18 19 20 21 22 23 24 25 26 27 28 29 30 31 32 33 34 35
0 1 6 7 4 8 2 3 5 9 10 15 16 13 17 11 12 14 18 19 24 25 22 26 20 21 23 27 28 33 34 31 35 29 30 32 36 37 42 43 40 44 38 39 41 45 46 51 52 49 53 47 48 50 54 55 60 61 58 62 56 57 59 63 64 69 70 67 71 65 66 68
6 7 2 3 8 5 0 1 4 15 16 11 12 17 14 9 10 13 24 25 20 21 26 23 18 19 22 33 34 29 30 35 32 27 28 31 42 43 38 39 44 41 36 37 40 51 52 47 48 53 50 45 46 49 60 61 56 57 62 59 54 55 58 69 70 65 66 71 68 63 64 67
