Names:
pA0x0 pA0x1 pA0x2 pB0y0 pB0y1 pB0y2 pAB00x0y0 pAB00x0y1 pAB00x0y2 pAB00x1y0 pAB00x1y1 pAB00x1y2 pAB00x2y0 pAB00x2y1 pAB00x2y2

Vertices:
0 0 0 0 0 0 0 0 0 0 0 0 0 0 0
0 0 0 0 0 1 0 0 0 0 0 0 0 0 0
0 0 0 0 1 0 0 0 0 0 0 0 0 0 0
0 0 0 0 1 1 0 0 0 0 0 0 0 0 0
0 0 0 1 0 0 0 0 0 0 0 0 0 0 0
0 0 0 1 0 1 0 0 0 0 0 0 0 0 0
0 0 0 1 1 0 0 0 0 0 0 0 0 0 0
0 0 0 1 1 1 0 0 0 0 0 0 0 0 0
0 0 1 0 0 0 0 0 0 0 0 0 0 0 0
0 0 1 0 0 1 0 0 0 0 0 0 0 0 1
0 0 1 0 1 0 0 0 0 0 0 0 0 1 0
0 0 1 0 1 1 0 0 0 0 0 0 0 1 1
0 0 1 1 0 0 0 0 0 0 0 0 1 0 0
0 0 1 1 0 1 0 0 0 0 0 0 1 0 1
0 0 1 1 1 0 0 0 0 0 0 0 1 1 0
0 0 1 1 1 1 0 0 0 0 0 0 1 1 1
0 1 0 0 0 0 0 0 0 0 0 0 0 0 0
0 1 0 0 0 1 0 0 0 0 0 1 0 0 0
0 1 0 0 1 0 0 0 0 0 1 0 0 0 0
0 1 0 0 1 1 0 0 0 0 1 1 0 0 0
0 1 0 1 0 0 0 0 0 1 0 0 0 0 0
0 1 0 1 0 1 0 0 0 1 0 1 0 0 0
0 1 0 1 1 0 0 0 0 1 1 0 0 0 0
0 1 0 1 1 1 0 0 0 1 1 1 0 0 0
0 1 1 0 0 0 0 0 0 0 0 0 0 0 0
0 1 1 0 0 1 0 0 0 0 0 1 0 0 1
0 1 1 0 1 0 0 0 0 0 1 0 0 1 0
0 1 1 0 1 1 0 0 0 0 1 1 0 1 1
0 1 1 1 0 0 0 0 0 1 0 0 1 0 0
0 1 1 1 0 1 0 0 0 1 0 1 1 0 1
0 1 1 1 1 0 0 0 0 1 1 0 1 1 0
0 1 1 1 1 1 0 0 0 1 1 1 1 1 1
1 0 0 0 0 0 0 0 0 0 0 0 0 0 0
1 0 0 0 0 1 0 0 1 0 0 0 0 0 0
1 0 0 0 1 0 0 1 0 0 0 0 0 0 0
1 0 0 0 1 1 0 1 1 0 0 0 0 0 0
1 0 0 1 0 0 1 0 0 0 0 0 0 0 0
1 0 0 1 0 1 1 0 1 0 0 0 0 0 0
1 0 0 1 1 0 1 1 0 0 0 0 0 0 0
1 0 0 1 1 1 1 1 1 0 0 0 0 0 0
1 0 1 0 0 0 0 0 0 0 0 0 0 0 0
1 0 1 0 0 1 0 0 1 0 0 0 0 0 1
1 0 1 0 1 0 0 1 0 0 0 0 0 1 0
1 0 1 0 1 1 0 1 1 0 0 0 0 1 1
1 0 1 1 0 0 1 0 0 0 0 0 1 0 0
1 0 1 1 0 1 1 0 1 0 0 0 1 0 1
1 0 1 1 1 0 1 1 0 0 0 0 1 1 0
1 0 1 1 1 1 1 1 1 0 0 0 1 1 1
1 1 0 0 0 0 0 0 0 0 0 0 0 0 0
1 1 0 0 0 1 0 0 1 0 0 1 0 0 0
1 1 0 0 1 0 0 1 0 0 1 0 0 0 0
1 1 0 0 1 1 0 1 1 0 1 1 0 0 0
1 1 0 1 0 0 1 0 0 1 0 0 0 0 0
1 1 0 1 0 1 1 0 1 1 0 1 0 0 0
1 1 0 1 1 0 1 1 0 1 1 0 0 0 0
1 1 0 1 1 1 1 1 1 1 1 1 0 0 0
1 1 1 0 0 0 0 0 0 0 0 0 0 0 0
1 1 1 0 0 1 0 0 1 0 0 1 0 0 1
1 1 1 0 1 0 0 1 0 0 1 0 0 1 0
1 1 1 0 1 1 0 1 1 0 1 1 0 1 1
1 1 1 1 0 0 1 0 0 1 0 0 1 0 0
1 1 1 1 0 1 1 0 1 1 0 1 1 0 1
1 1 1 1 1 0 1 1 0 1 1 0 1 1 0
1 1 1 1 1 1 1 1 1 1 1 1 1 1 1

VERTEX_PERMUTATIONS:
0 1 2 3 4 5 6 7 8 9 10 11 12 13 14 15 32 33 34 35 36 37 38 39 40 41 42 43 44 45 46 47 16 17 18 19 20 21 22 23 24 25 26 27 28 29 30 31 48 49 50 51 52 53 54 55 56 57 58 59 60 61 62 63
0 1 2 3 4 5 6 7 32 33 34 35 36 37 38 39 16 17 18 19 20 21 22 23 48 49 50 51 52 53 54 55 8 9 10 11 12 13 14 15 40 41 42 43 44 45 46 47 24 25 26 27 28 29 30 31 56 57 58 59 60 61 62 63
0 1 4 5 2 3 6 7 8 9 12 13 10 11 14 15 16 17 20 21 18 19 22 23 24 25 28 29 26 27 30 31 32 33 36 37 34 35 38 39 40 41 44 45 42 43 46 47 48 49 52 53 50 51 54 55 56 57 60 61 58 59 62 63
0 4 2 6 1 5 3 7 8 12 10 14 9 13 11 15 16 20 18 22 17 21 19 23 24 28 26 30 25 29 27 31 32 36 34 38 33 37 35 39 40 44 42 46 41 45 43 47 48 52 50 54 49 53 51 55 56 60 58 62 57 61 59 63
32 33 34 35 36 37 38 39 40 41 42 43 44 45 46 47 48 49 50 51 52 53 54 55 56 57 58 59 60 61 62 63 0 1 2 3 4 5 6 7 8 9 10 11 12 13 14 15 16 17 18 19 20 21 22 23 24 25 26 27 28 29 30 31
4 5 6 7 0 1 2 3 12 13 14 15 8 9 10 11 20 21 22 23 16 17 18 19 28 29 30 31 24 25 26 27 36 37 38 39 32 33 34 35 44 45 46 47 40 41 42 43 52 53 54 55 48 49 50 51 60 61 62 63 56 57 58 59
0 8 16 24 32 40 48 56 1 9 17 25 33 41 49 57 2 10 18 26 34 42 50 58 3 11 19 27 35 43 51 59 4 12 20 28 36 44 52 60 5 13 21 29 37 45 53 61 6 14 22 30 38 46 54 62 7 15 23 31 39 47 55 63
