Names:
pA0x0 pA0x1 pA0x2 pA0x3 pB0y0 pB0y1 pB0y2 pAB00x0y0 pAB00x0y1 pAB00x0y2 pAB00x1y0 pAB00x1y1 pAB00x1y2 pAB00x2y0 pAB00x2y1 pAB00x2y2 pAB00x3y0 pAB00x3y1 pAB00x3y2

Vertices:
0 0 0 0 0 0 0 0 0 0 0 0 0 0 0 0 0 0 0
0 0 0 0 0 0 1 0 0 0 0 0 0 0 0 0 0 0 0
0 0 0 0 0 1 0 0 0 0 0 0 0 0 0 0 0 0 0
0 0 0 0 0 1 1 0 0 0 0 0 0 0 0 0 0 0 0
0 0 0 0 1 0 0 0 0 0 0 0 0 0 0 0 0 0 0
0 0 0 0 1 0 1 0 0 0 0 0 0 0 0 0 0 0 0
0 0 0 0 1 1 0 0 0 0 0 0 0 0 0 0 0 0 0
0 0 0 0 1 1 1 0 0 0 0 0 0 0 0 0 0 0 0
0 0 0 1 0 0 0 0 0 0 0 0 0 0 0 0 0 0 0
0 0 0 1 0 0 1 0 0 0 0 0 0 0 0 0 0 0 1
0 0 0 1 0 1 0 0 0 0 0 0 0 0 0 0 0 1 0
0 0 0 1 0 1 1 0 0 0 0 0 0 0 0 0 0 1 1
0 0 0 1 1 0 0 0 0 0 0 0 0 0 0 0 1 0 0
0 0 0 1 1 0 1 0 0 0 0 0 0 0 0 0 1 0 1
0 0 0 1 1 1 0 0 0 0 0 0 0 0 0 0 1 1 0
0 0 0 1 1 1 1 0 0 0 0 0 0 0 0 0 1 1 1
0 0 1 0 0 0 0 0 0 0 0 0 0 0 0 0 0 0 0
0 0 1 0 0 0 1 0 0 0 0 0 0 0 0 1 0 0 0
0 0 1 0 0 1 0 0 0 0 0 0 0 0 1 0 0 0 0
0 0 1 0 0 1 1 0 0 0 0 0 0 0 1 1 0 0 0
0 0 1 0 1 0 0 0 0 0 0 0 0 1 0 0 0 0 0
0 0 1 0 1 0 1 0 0 0 0 0 0 1 0 1 0 0 0
0 0 1 0 1 1 0 0 0 0 0 0 0 1 1 0 0 0 0
0 0 1 0 1 1 1 0 0 0 0 0 0 1 1 1 0 0 0
0 0 1 1 0 0 0 0 0 0 0 0 0 0 0 0 0 0 0
0 0 1 1 0 0 1 0 0 0 0 0 0 0 0 1 0 0 1
0 0 1 1 0 1 0 0 0 0 0 0 0 0 1 0 0 1 0
0 0 1 1 0 1 1 0 0 0 0 0 0 0 1 1 0 1 1
0 0 1 1 1 0 0 0 0 0 0 0 0 1 0 0 1 0 0
0 0 1 1 1 0 1 0 0 0 0 0 0 1 0 1 1 0 1
0 0 1 1 1 1 0 0 0 0 0 0 0 1 1 0 1 1 0
0 0 1 1 1 1 1 0 0 0 0 0 0 1 1 1 1 1 1
0 1 0 0 0 0 0 0 0 0 0 0 0 0 0 0 0 0 0
0 1 0 0 0 0 1 0 0 0 0 0 1 0 0 0 0 0 0
0 1 0 0 0 1 0 0 0 0 0 1 0 0 0 0 0 0 0
0 1 0 0 0 1 1 0 0 0 0 1 1 0 0 0 0 0 0
0 1 0 0 1 0 0 0 0 0 1 0 0 0 0 0 0 0 0
0 1 0 0 1 0 1 0 0 0 1 0 1 0 0 0 0 0 0
0 1 0 0 1 1 0 0 0 0 1 1 0 0 0 0 0 0 0
0 1 0 0 1 1 1 0 0 0 1 1 1 0 0 0 0 0 0
0 1 0 1 0 0 0 0 0 0 0 0 0 0 0 0 0 0 0
0 1 0 1 0 0 1 0 0 0 0 0 1 0 0 0 0 0 1
0 1 0 1 0 1 0 0 0 0 0 1 0 0 0 0 0 1 0
0 1 0 1 0 1 1 0 0 0 0 1 1 0 0 0 0 1 1
0 1 0 1 1 0 0 0 0 0 1 0 0 0 0 0 1 0 0
0 1 0 1 1 0 1 0 0 0 1 0 1 0 0 0 1 0 1
0 1 0 1 1 1 0 0 0 0 1 1 0 0 0 0 1 1 0
0 1 0 1 1 1 1 0 0 0 1 1 1 0 0 0 1 1 1
0 1 1 0 0 0 0 0 0 0 0 0 0 0 0 0 0 0 0
0 1 1 0 0 0 1 0 0 0 0 0 1 0 0 1 0 0 0
0 1 1 0 0 1 0 0 0 0 0 1 0 0 1 0 0 0 0
0 1 1 0 0 1 1 0 0 0 0 1 1 0 1 1 0 0 0
0 1 1 0 1 0 0 0 0 0 1 0 0 1 0 0 0 0 0
0 1 1 0 1 0 1 0 0 0 1 0 1 1 0 1 0 0 0
0 1 1 0 1 1 0 0 0 0 1 1 0 1 1 0 0 0 0
0 1 1 0 1 1 1 0 0 0 1 1 1 1 1 1 0 0 0
0 1 1 1 0 0 0 0 0 0 0 0 0 0 0 0 0 0 0
0 1 1 1 0 0 1 0 0 0 0 0 1 0 0 1 0 0 1
0 1 1 1 0 1 0 0 0 0 0 1 0 0 1 0 0 1 0
0 1 1 1 0 1 1 0 0 0 0 1 1 0 1 1 0 1 1
0 1 1 1 1 0 0 0 0 0 1 0 0 1 0 0 1 0 0
0 1 1 1 1 0 1 0 0 0 1 0 1 1 0 1 1 0 1
0 1 1 1 1 1 0 0 0 0 1 1 0 1 1 0 1 1 0
0 1 1 1 1 1 1 0 0 0 1 1 1 1 1 1 1 1 1
1 0 0 0 0 0 0 0 0 0 0 0 0 0 0 0 0 0 0
1 0 0 0 0 0 1 0 0 1 0 0 0 0 0 0 0 0 0
1 0 0 0 0 1 0 0 1 0 0 0 0 0 0 0 0 0 0
1 0 0 0 0 1 1 0 1 1 0 0 0 0 0 0 0 0 0
1 0 0 0 1 0 0 1 0 0 0 0 0 0 0 0 0 0 0
1 0 0 0 1 0 1 1 0 1 0 0 0 0 0 0 0 0 0
1 0 0 0 1 1 0 1 1 0 0 0 0 0 0 0 0 0 0
1 0 0 0 1 1 1 1 1 1 0 0 0 0 0 0 0 0 0
1 0 0 1 0 0 0 0 0 0 0 0 0 0 0 0 0 0 0
1 0 0 1 0 0 1 0 0 1 0 0 0 0 0 0 0 0 1
1 0 0 1 0 1 0 0 1 0 0 0 0 0 0 0 0 1 0
1 0 0 1 0 1 1 0 1 1 0 0 0 0 0 0 0 1 1
1 0 0 1 1 0 0 1 0 0 0 0 0 0 0 0 1 0 0
1 0 0 1 1 0 1 1 0 1 0 0 0 0 0 0 1 0 1
1 0 0 1 1 1 0 1 1 0 0 0 0 0 0 0 1 1 0
1 0 0 1 1 1 1 1 1 1 0 0 0 0 0 0 1 1 1
1 0 1 0 0 0 0 0 0 0 0 0 0 0 0 0 0 0 0
1 0 1 0 0 0 1 0 0 1 0 0 0 0 0 1 0 0 0
1 0 1 0 0 1 0 0 1 0 0 0 0 0 1 0 0 0 0
1 0 1 0 0 1 1 0 1 1 0 0 0 0 1 1 0 0 0
1 0 1 0 1 0 0 1 0 0 0 0 0 1 0 0 0 0 0
1 0 1 0 1 0 1 1 0 1 0 0 0 1 0 1 0 0 0
1 0 1 0 1 1 0 1 1 0 0 0 0 1 1 0 0 0 0
1 0 1 0 1 1 1 1 1 1 0 0 0 1 1 1 0 0 0
1 0 1 1 0 0 0 0 0 0 0 0 0 0 0 0 0 0 0
1 0 1 1 0 0 1 0 0 1 0 0 0 0 0 1 0 0 1
1 0 1 1 0 1 0 0 1 0 0 0 0 0 1 0 0 1 0
1 0 1 1 0 1 1 0 1 1 0 0 0 0 1 1 0 1 1
1 0 1 1 1 0 0 1 0 0 0 0 0 1 0 0 1 0 0
1 0 1 1 1 0 1 1 0 1 0 0 0 1 0 1 1 0 1
1 0 1 1 1 1 0 1 1 0 0 0 0 1 1 0 1 1 0
1 0 1 1 1 1 1 1 1 1 0 0 0 1 1 1 1 1 1
1 1 0 0 0 0 0 0 0 0 0 0 0 0 0 0 0 0 0
1 1 0 0 0 0 1 0 0 1 0 0 1 0 0 0 0 0 0
1 1 0 0 0 1 0 0 1 0 0 1 0 0 0 0 0 0 0
1 1 0 0 0 1 1 0 1 1 0 1 1 0 0 0 0 0 0
1 1 0 0 1 0 0 1 0 0 1 0 0 0 0 0 0 0 0
1 1 0 0 1 0 1 1 0 1 1 0 1 0 0 0 0 0 0
1 1 0 0 1 1 0 1 1 0 1 1 0 0 0 0 0 0 0
1 1 0 0 1 1 1 1 1 1 1 1 1 0 0 0 0 0 0
1 1 0 1 0 0 0 0 0 0 0 0 0 0 0 0 0 0 0
1 1 0 1 0 0 1 0 0 1 0 0 1 0 0 0 0 0 1
1 1 0 1 0 1 0 0 1 0 0 1 0 0 0 0 0 1 0
1 1 0 1 0 1 1 0 1 1 0 1 1 0 0 0 0 1 1
1 1 0 1 1 0 0 1 0 0 1 0 0 0 0 0 1 0 0
1 1 0 1 1 0 1 1 0 1 1 0 1 0 0 0 1 0 1
1 1 0 1 1 1 0 1 1 0 1 1 0 0 0 0 1 1 0
1 1 0 1 1 1 1 1 1 1 1 1 1 0 0 0 1 1 1
1 1 1 0 0 0 0 0 0 0 0 0 0 0 0 0 0 0 0
1 1 1 0 0 0 1 0 0 1 0 0 1 0 0 1 0 0 0
1 1 1 0 0 1 0 0 1 0 0 1 0 0 1 0 0 0 0
1 1 1 0 0 1 1 0 1 1 0 1 1 0 1 1 0 0 0
1 1 1 0 1 0 0 1 0 0 1 0 0 1 0 0 0 0 0
1 1 1 0 1 0 1 1 0 1 1 0 1 1 0 1 0 0 0
1 1 1 0 1 1 0 1 1 0 1 1 0 1 1 0 0 0 0
1 1 1 0 1 1 1 1 1 1 1 1 1 1 1 1 0 0 0
1 1 1 1 0 0 0 0 0 0 0 0 0 0 0 0 0 0 0
1 1 1 1 0 0 1 0 0 1 0 0 1 0 0 1 0 0 1
1 1 1 1 0 1 0 0 1 0 0 1 0 0 1 0 0 1 0
1 1 1 1 0 1 1 0 1 1 0 1 1 0 1 1 0 1 1
1 1 1 1 1 0 0 1 0 0 1 0 0 1 0 0 1 0 0
1 1 1 1 1 0 1 1 0 1 1 0 1 1 0 1 1 0 1
1 1 1 1 1 1 0 1 1 0 1 1 0 1 1 0 1 1 0
1 1 1 1 1 1 1 1 1 1 1 1 1 1 1 1 1 1 1

VERTEX_PERMUTATIONS:
0 1 2 3 4 5 6 7 8 9 10 11 12 13 14 15 16 17 18 19 20 21 22 23 24 25 26 27 28 29 30 31 64 65 66 67 68 69 70 71 72 73 74 75 76 77 78 79 80 81 82 83 84 85 86 87 88 89 90 91 92 93 94 95 32 33 34 35 36 37 38 39 40 41 42 43 44 45 46 47 48 49 50 51 52 53 54 55 56 57 58 59 60 61 62 63 96 97 98 99 100 101 102 103 104 105 106 107 108 109 110 111 112 113 114 115 116 117 118 119 120 121 122 123 124 125 126 127
0 1 2 3 4 5 6 7 8 9 10 11 12 13 14 15 64 65 66 67 68 69 70 71 72 73 74 75 76 77 78 79 32 33 34 35 36 37 38 39 40 41 42 43 44 45 46 47 96 97 98 99 100 101 102 103 104 105 106 107 108 109 110 111 16 17 18 19 20 21 22 23 24 25 26 27 28 29 30 31 80 81 82 83 84 85 86 87 88 89 90 91 92 93 94 95 48 49 50 51 52 53 54 55 56 57 58 59 60 61 62 63 112 113 114 115 116 117 118 119 120 121 122 123 124 125 126 127
0 1 2 3 4 5 6 7 64 65 66 67 68 69 70 71 16 17 18 19 20 21 22 23 80 81 82 83 84 85 86 87 32 33 34 35 36 37 38 39 96 97 98 99 100 101 102 103 48 49 50 51 52 53 54 55 112 113 114 115 116 117 118 119 8 9 10 11 12 13 14 15 72 73 74 75 76 77 78 79 24 25 26 27 28 29 30 31 88 89 90 91 92 93 94 95 40 41 42 43 44 45 46 47 104 105 106 107 108 109 110 111 56 57 58 59 60 61 62 63 120 121 122 123 124 125 126 127
0 1 4 5 2 3 6 7 8 9 12 13 10 11 14 15 16 17 20 21 18 19 22 23 24 25 28 29 26 27 30 31 32 33 36 37 34 35 38 39 40 41 44 45 42 43 46 47 48 49 52 53 50 51 54 55 56 57 60 61 58 59 62 63 64 65 68 69 66 67 70 71 72 73 76 77 74 75 78 79 80 81 84 85 82 83 86 87 88 89 92 93 90 91 94 95 96 97 100 101 98 99 102 103 104 105 108 109 106 107 110 111 112 113 116 117 114 115 118 119 120 121 124 125 122 123 126 127
0 4 2 6 1 5 3 7 8 12 10 14 9 13 11 15 16 20 18 22 17 21 19 23 24 28 26 30 25 29 27 31 32 36 34 38 33 37 35 39 40 44 42 46 41 45 43 47 48 52 50 54 49 53 51 55 56 60 58 62 57 61 59 63 64 68 66 70 65 69 67 71 72 76 74 78 73 77 75 79 80 84 82 86 81 85 83 87 88 92 90 94 89 93 91 95 96 100 98 102 97 101 99 103 104 108 106 110 105 109 107 111 112 116 114 118 113 117 115 119 120 124 122 126 121 125 123 127
64 65 66 67 68 69 70 71 72 73 74 75 76 77 78 79 80 81 82 83 84 85 86 87 88 89 90 91 92 93 94 95 96 97 98 99 100 101 102 103 104 105 106 107 108 109 110 111 112 113 114 115 116 117 118 119 120 121 122 123 124 125 126 127 0 1 2 3 4 5 6 7 8 9 10 11 12 13 14 15 16 17 18 19 20 21 22 23 24 25 26 27 28 29 30 31 32 33 34 35 36 37 38 39 40 41 42 43 44 45 46 47 48 49 50 51 52 53 54 55 56 57 58 59 60 61 62 63
4 5 6 7 0 1 2 3 12 13 14 15 8 9 10 11 20 21 22 23 16 17 18 19 28 29 30 31 24 25 26 27 36 37 38 39 32 33 34 35 44 45 46 47 40 41 42 43 52 53 54 55 48 49 50 51 60 61 62 63 56 57 58 59 68 69 70 71 64 65 66 67 76 77 78 79 72 73 74 75 84 85 86 87 80 81 82 83 92 93 94 95 88 89 90 91 100 101 102 103 96 97 98 99 108 109 110 111 104 105 106 107 116 117 118 119 112 113 114 115 124 125 126 127 120 121 122 123
