Names:
pA0x0 pA0x1 pA0x2 pA0x3 pB0y0 pB0y1 pB0y2 pB0y3 pAB00x0y0 pAB00x0y1 pAB00x0y2 pAB00x0y3 pAB00x1y0 pAB00x1y1 pAB00x1y2 pAB00x1y3 pAB00x2y0 pAB00x2y1 pAB00x2y2 pAB00x2y3 pAB00x3y0 pAB00x3y1 pAB00x3y2 pAB00x3y3

Vertices:
0 0 0 0 0 0 0 0 0 0 0 0 0 0 0 0 0 0 0 0 0 0 0 0
0 0 0 0 0 0 0 1 0 0 0 0 0 0 0 0 0 0 0 0 0 0 0 0
0 0 0 0 0 0 1 0 0 0 0 0 0 0 0 0 0 0 0 0 0 0 0 0
0 0 0 0 0 0 1 1 0 0 0 0 0 0 0 0 0 0 0 0 0 0 0 0
0 0 0 0 0 1 0 0 0 0 0 0 0 0 0 0 0 0 0 0 0 0 0 0
0 0 0 0 0 1 0 1 0 0 0 0 0 0 0 0 0 0 0 0 0 0 0 0
0 0 0 0 0 1 1 0 0 0 0 0 0 0 0 0 0 0 0 0 0 0 0 0
0 0 0 0 0 1 1 1 0 0 0 0 0 0 0 0 0 0 0 0 0 0 0 0
0 0 0 0 1 0 0 0 0 0 0 0 0 0 0 0 0 0 0 0 0 0 0 0
0 0 0 0 1 0 0 1 0 0 0 0 0 0 0 0 0 0 0 0 0 0 0 0
0 0 0 0 1 0 1 0 0 0 0 0 0 0 0 0 0 0 0 0 0 0 0 0
0 0 0 0 1 0 1 1 0 0 0 0 0 0 0 0 0 0 0 0 0 0 0 0
0 0 0 0 1 1 0 0 0 0 0 0 0 0 0 0 0 0 0 0 0 0 0 0
0 0 0 0 1 1 0 1 0 0 0 0 0 0 0 0 0 0 0 0 0 0 0 0
0 0 0 0 1 1 1 0 0 0 0 0 0 0 0 0 0 0 0 0 0 0 0 0
0 0 0 0 1 1 1 1 0 0 0 0 0 0 0 0 0 0 0 0 0 0 0 0
0 0 0 1 0 0 0 0 0 0 0 0 0 0 0 0 0 0 0 0 0 0 0 0
0 0 0 1 0 0 0 1 0 0 0 0 0 0 0 0 0 0 0 0 0 0 0 1
0 0 0 1 0 0 1 0 0 0 0 0 0 0 0 0 0 0 0 0 0 0 1 0
0 0 0 1 0 0 1 1 0 0 0 0 0 0 0 0 0 0 0 0 0 0 1 1
0 0 0 1 0 1 0 0 0 0 0 0 0 0 0 0 0 0 0 0 0 1 0 0
0 0 0 1 0 1 0 1 0 0 0 0 0 0 0 0 0 0 0 0 0 1 0 1
0 0 0 1 0 1 1 0 0 0 0 0 0 0 0 0 0 0 0 0 0 1 1 0
0 0 0 1 0 1 1 1 0 0 0 0 0 0 0 0 0 0 0 0 0 1 1 1
0 0 0 1 1 0 0 0 0 0 0 0 0 0 0 0 0 0 0 0 1 0 0 0
0 0 0 1 1 0 0 1 0 0 0 0 0 0 0 0 0 0 0 0 1 0 0 1
0 0 0 1 1 0 1 0 0 0 0 0 0 0 0 0 0 0 0 0 1 0 1 0
0 0 0 1 1 0 1 1 0 0 0 0 0 0 0 0 0 0 0 0 1 0 1 1
0 0 0 1 1 1 0 0 0 0 0 0 0 0 0 0 0 0 0 0 1 1 0 0
0 0 0 1 1 1 0 1 0 0 0 0 0 0 0 0 0 0 0 0 1 1 0 1
0 0 0 1 1 1 1 0 0 0 0 0 0 0 0 0 0 0 0 0 1 1 1 0
0 0 0 1 1 1 1 1 0 0 0 0 0 0 0 0 0 0 0 0 1 1 1 1
0 0 1 0 0 0 0 0 0 0 0 0 0 0 0 0 0 0 0 0 0 0 0 0
0 0 1 0 0 0 0 1 0 0 0 0 0 0 0 0 0 0 0 1 0 0 0 0
0 0 1 0 0 0 1 0 0 0 0 0 0 0 0 0 0 0 1 0 0 0 0 0
0 0 1 0 0 0 1 1 0 0 0 0 0 0 0 0 0 0 1 1 0 0 0 0
0 0 1 0 0 1 0 0 0 0 0 0 0 0 0 0 0 1 0 0 0 0 0 0
0 0 1 0 0 1 0 1 0 0 0 0 0 0 0 0 0 1 0 1 0 0 0 0
0 0 1 0 0 1 1 0 0 0 0 0 0 0 0 0 0 1 1 0 0 0 0 0
0 0 1 0 0 1 1 1 0 0 0 0 0 0 0 0 0 1 1 1 0 0 0 0
0 0 1 0 1 0 0 0 0 0 0 0 0 0 0 0 1 0 0 0 0 0 0 0
0 0 1 0 1 0 0 1 0 0 0 0 0 0 0 0 1 0 0 1 0 0 0 0
0 0 1 0 1 0 1 0 0 0 0 0 0 0 0 0 1 0 1 0 0 0 0 0
0 0 1 0 1 0 1 1 0 0 0 0 0 0 0 0 1 0 1 1 0 0 0 0
0 0 1 0 1 1 0 0 0 0 0 0 0 0 0 0 1 1 0 0 0 0 0 0
0 0 1 0 1 1 0 1 0 0 0 0 0 0 0 0 1 1 0 1 0 0 0 0
0 0 1 0 1 1 1 0 0 0 0 0 0 0 0 0 1 1 1 0 0 0 0 0
0 0 1 0 1 1 1 1 0 0 0 0 0 0 0 0 1 1 1 1 0 0 0 0
0 0 1 1 0 0 0 0 0 0 0 0 0 0 0 0 0 0 0 0 0 0 0 0
0 0 1 1 0 0 0 1 0 0 0 0 0 0 0 0 0 0 0 1 0 0 0 1
0 0 1 1 0 0 1 0 0 0 0 0 0 0 0 0 0 0 1 0 0 0 1 0
0 0 1 1 0 0 1 1 0 0 0 0 0 0 0 0 0 0 1 1 0 0 1 1
0 0 1 1 0 1 0 0 0 0 0 0 0 0 0 0 0 1 0 0 0 1 0 0
0 0 1 1 0 1 0 1 0 0 0 0 0 0 0 0 0 1 0 1 0 1 0 1
0 0 1 1 0 1 1 0 0 0 0 0 0 0 0 0 0 1 1 0 0 1 1 0
0 0 1 1 0 1 1 1 0 0 0 0 0 0 0 0 0 1 1 1 0 1 1 1
0 0 1 1 1 0 0 0 0 0 0 0 0 0 0 0 1 0 0 0 1 0 0 0
0 0 1 1 1 0 0 1 0 0 0 0 0 0 0 0 1 0 0 1 1 0 0 1
0 0 1 1 1 0 1 0 0 0 0 0 0 0 0 0 1 0 1 0 1 0 1 0
0 0 1 1 1 0 1 1 0 0 0 0 0 0 0 0 1 0 1 1 1 0 1 1
0 0 1 1 1 1 0 0 0 0 0 0 0 0 0 0 1 1 0 0 1 1 0 0
0 0 1 1 1 1 0 1 0 0 0 0 0 0 0 0 1 1 0 1 1 1 0 1
0 0 1 1 1 1 1 0 0 0 0 0 0 0 0 0 1 1 1 0 1 1 1 0
0 0 1 1 1 1 1 1 0 0 0 0 0 0 0 0 1 1 1 1 1 1 1 1
0 1 0 0 0 0 0 0 0 0 0 0 0 0 0 0 0 0 0 0 0 0 0 0
0 1 0 0 0 0 0 1 0 0 0 0 0 0 0 1 0 0 0 0 0 0 0 0
0 1 0 0 0 0 1 0 0 0 0 0 0 0 1 0 0 0 0 0 0 0 0 0
0 1 0 0 0 0 1 1 0 0 0 0 0 0 1 1 0 0 0 0 0 0 0 0
0 1 0 0 0 1 0 0 0 0 0 0 0 1 0 0 0 0 0 0 0 0 0 0
0 1 0 0 0 1 0 1 0 0 0 0 0 1 0 1 0 0 0 0 0 0 0 0
0 1 0 0 0 1 1 0 0 0 0 0 0 1 1 0 0 0 0 0 0 0 0 0
0 1 0 0 0 1 1 1 0 0 0 0 0 1 1 1 0 0 0 0 0 0 0 0
0 1 0 0 1 0 0 0 0 0 0 0 1 0 0 0 0 0 0 0 0 0 0 0
0 1 0 0 1 0 0 1 0 0 0 0 1 0 0 1 0 0 0 0 0 0 0 0
0 1 0 0 1 0 1 0 0 0 0 0 1 0 1 0 0 0 0 0 0 0 0 0
0 1 0 0 1 0 1 1 0 0 0 0 1 0 1 1 0 0 0 0 0 0 0 0
0 1 0 0 1 1 0 0 0 0 0 0 1 1 0 0 0 0 0 0 0 0 0 0
0 1 0 0 1 1 0 1 0 0 0 0 1 1 0 1 0 0 0 0 0 0 0 0
0 1 0 0 1 1 1 0 0 0 0 0 1 1 1 0 0 0 0 0 0 0 0 0
0 1 0 0 1 1 1 1 0 0 0 0 1 1 1 1 0 0 0 0 0 0 0 0
0 1 0 1 0 0 0 0 0 0 0 0 0 0 0 0 0 0 0 0 0 0 0 0
0 1 0 1 0 0 0 1 0 0 0 0 0 0 0 1 0 0 0 0 0 0 0 1
0 1 0 1 0 0 1 0 0 0 0 0 0 0 1 0 0 0 0 0 0 0 1 0
0 1 0 1 0 0 1 1 0 0 0 0 0 0 1 1 0 0 0 0 0 0 1 1
0 1 0 1 0 1 0 0 0 0 0 0 0 1 0 0 0 0 0 0 0 1 0 0
0 1 0 1 0 1 0 1 0 0 0 0 0 1 0 1 0 0 0 0 0 1 0 1
0 1 0 1 0 1 1 0 0 0 0 0 0 1 1 0 0 0 0 0 0 1 1 0
0 1 0 1 0 1 1 1 0 0 0 0 0 1 1 1 0 0 0 0 0 1 1 1
0 1 0 1 1 0 0 0 0 0 0 0 1 0 0 0 0 0 0 0 1 0 0 0
0 1 0 1 1 0 0 1 0 0 0 0 1 0 0 1 0 0 0 0 1 0 0 1
0 1 0 1 1 0 1 0 0 0 0 0 1 0 1 0 0 0 0 0 1 0 1 0
0 1 0 1 1 0 1 1 0 0 0 0 1 0 1 1 0 0 0 0 1 0 1 1
0 1 0 1 1 1 0 0 0 0 0 0 1 1 0 0 0 0 0 0 1 1 0 0
0 1 0 1 1 1 0 1 0 0 0 0 1 1 0 1 0 0 0 0 1 1 0 1
0 1 0 1 1 1 1 0 0 0 0 0 1 1 1 0 0 0 0 0 1 1 1 0
0 1 0 1 1 1 1 1 0 0 0 0 1 1 1 1 0 0 0 0 1 1 1 1
0 1 1 0 0 0 0 0 0 0 0 0 0 0 0 0 0 0 0 0 0 0 0 0
0 1 1 0 0 0 0 1 0 0 0 0 0 0 0 1 0 0 0 1 0 0 0 0
0 1 1 0 0 0 1 0 0 0 0 0 0 0 1 0 0 0 1 0 0 0 0 0
0 1 1 0 0 0 1 1 0 0 0 0 0 0 1 1 0 0 1 1 0 0 0 0
0 1 1 0 0 1 0 0 0 0 0 0 0 1 0 0 0 1 0 0 0 0 0 0
0 1 1 0 0 1 0 1 0 0 0 0 0 1 0 1 0 1 0 1 0 0 0 0
0 1 1 0 0 1 1 0 0 0 0 0 0 1 1 0 0 1 1 0 0 0 0 0
0 1 1 0 0 1 1 1 0 0 0 0 0 1 1 1 0 1 1 1 0 0 0 0
0 1 1 0 1 0 0 0 0 0 0 0 1 0 0 0 1 0 0 0 0 0 0 0
0 1 1 0 1 0 0 1 0 0 0 0 1 0 0 1 1 0 0 1 0 0 0 0
0 1 1 0 1 0 1 0 0 0 0 0 1 0 1 0 1 0 1 0 0 0 0 0
0 1 1 0 1 0 1 1 0 0 0 0 1 0 1 1 1 0 1 1 0 0 0 0
0 1 1 0 1 1 0 0 0 0 0 0 1 1 0 0 1 1 0 0 0 0 0 0
0 1 1 0 1 1 0 1 0 0 0 0 1 1 0 1 1 1 0 1 0 0 0 0
0 1 1 0 1 1 1 0 0 0 0 0 1 1 1 0 1 1 1 0 0 0 0 0
0 1 1 0 1 1 1 1 0 0 0 0 1 1 1 1 1 1 1 1 0 0 0 0
0 1 1 1 0 0 0 0 0 0 0 0 0 0 0 0 0 0 0 0 0 0 0 0
0 1 1 1 0 0 0 1 0 0 0 0 0 0 0 1 0 0 0 1 0 0 0 1
0 1 1 1 0 0 1 0 0 0 0 0 0 0 1 0 0 0 1 0 0 0 1 0
0 1 1 1 0 0 1 1 0 0 0 0 0 0 1 1 0 0 1 1 0 0 1 1
0 1 1 1 0 1 0 0 0 0 0 0 0 1 0 0 0 1 0 0 0 1 0 0
0 1 1 1 0 1 0 1 0 0 0 0 0 1 0 1 0 1 0 1 0 1 0 1
0 1 1 1 0 1 1 0 0 0 0 0 0 1 1 0 0 1 1 0 0 1 1 0
0 1 1 1 0 1 1 1 0 0 0 0 0 1 1 1 0 1 1 1 0 1 1 1
0 1 1 1 1 0 0 0 0 0 0 0 1 0 0 0 1 0 0 0 1 0 0 0
0 1 1 1 1 0 0 1 0 0 0 0 1 0 0 1 1 0 0 1 1 0 0 1
0 1 1 1 1 0 1 0 0 0 0 0 1 0 1 0 1 0 1 0 1 0 1 0
0 1 1 1 1 0 1 1 0 0 0 0 1 0 1 1 1 0 1 1 1 0 1 1
0 1 1 1 1 1 0 0 0 0 0 0 1 1 0 0 1 1 0 0 1 1 0 0
0 1 1 1 1 1 0 1 0 0 0 0 1 1 0 1 1 1 0 1 1 1 0 1
0 1 1 1 1 1 1 0 0 0 0 0 1 1 1 0 1 1 1 0 1 1 1 0
0 1 1 1 1 1 1 1 0 0 0 0 1 1 1 1 1 1 1 1 1 1 1 1
1 0 0 0 0 0 0 0 0 0 0 0 0 0 0 0 0 0 0 0 0 0 0 0
1 0 0 0 0 0 0 1 0 0 0 1 0 0 0 0 0 0 0 0 0 0 0 0
1 0 0 0 0 0 1 0 0 0 1 0 0 0 0 0 0 0 0 0 0 0 0 0
1 0 0 0 0 0 1 1 0 0 1 1 0 0 0 0 0 0 0 0 0 0 0 0
1 0 0 0 0 1 0 0 0 1 0 0 0 0 0 0 0 0 0 0 0 0 0 0
1 0 0 0 0 1 0 1 0 1 0 1 0 0 0 0 0 0 0 0 0 0 0 0
1 0 0 0 0 1 1 0 0 1 1 0 0 0 0 0 0 0 0 0 0 0 0 0
1 0 0 0 0 1 1 1 0 1 1 1 0 0 0 0 0 0 0 0 0 0 0 0
1 0 0 0 1 0 0 0 1 0 0 0 0 0 0 0 0 0 0 0 0 0 0 0
1 0 0 0 1 0 0 1 1 0 0 1 0 0 0 0 0 0 0 0 0 0 0 0
1 0 0 0 1 0 1 0 1 0 1 0 0 0 0 0 0 0 0 0 0 0 0 0
1 0 0 0 1 0 1 1 1 0 1 1 0 0 0 0 0 0 0 0 0 0 0 0
1 0 0 0 1 1 0 0 1 1 0 0 0 0 0 0 0 0 0 0 0 0 0 0
1 0 0 0 1 1 0 1 1 1 0 1 0 0 0 0 0 0 0 0 0 0 0 0
1 0 0 0 1 1 1 0 1 1 1 0 0 0 0 0 0 0 0 0 0 0 0 0
1 0 0 0 1 1 1 1 1 1 1 1 0 0 0 0 0 0 0 0 0 0 0 0
1 0 0 1 0 0 0 0 0 0 0 0 0 0 0 0 0 0 0 0 0 0 0 0
1 0 0 1 0 0 0 1 0 0 0 1 0 0 0 0 0 0 0 0 0 0 0 1
1 0 0 1 0 0 1 0 0 0 1 0 0 0 0 0 0 0 0 0 0 0 1 0
1 0 0 1 0 0 1 1 0 0 1 1 0 0 0 0 0 0 0 0 0 0 1 1
1 0 0 1 0 1 0 0 0 1 0 0 0 0 0 0 0 0 0 0 0 1 0 0
1 0 0 1 0 1 0 1 0 1 0 1 0 0 0 0 0 0 0 0 0 1 0 1
1 0 0 1 0 1 1 0 0 1 1 0 0 0 0 0 0 0 0 0 0 1 1 0
1 0 0 1 0 1 1 1 0 1 1 1 0 0 0 0 0 0 0 0 0 1 1 1
1 0 0 1 1 0 0 0 1 0 0 0 0 0 0 0 0 0 0 0 1 0 0 0
1 0 0 1 1 0 0 1 1 0 0 1 0 0 0 0 0 0 0 0 1 0 0 1
1 0 0 1 1 0 1 0 1 0 1 0 0 0 0 0 0 0 0 0 1 0 1 0
1 0 0 1 1 0 1 1 1 0 1 1 0 0 0 0 0 0 0 0 1 0 1 1
1 0 0 1 1 1 0 0 1 1 0 0 0 0 0 0 0 0 0 0 1 1 0 0
1 0 0 1 1 1 0 1 1 1 0 1 0 0 0 0 0 0 0 0 1 1 0 1
1 0 0 1 1 1 1 0 1 1 1 0 0 0 0 0 0 0 0 0 1 1 1 0
1 0 0 1 1 1 1 1 1 1 1 1 0 0 0 0 0 0 0 0 1 1 1 1
1 0 1 0 0 0 0 0 0 0 0 0 0 0 0 0 0 0 0 0 0 0 0 0
1 0 1 0 0 0 0 1 0 0 0 1 0 0 0 0 0 0 0 1 0 0 0 0
1 0 1 0 0 0 1 0 0 0 1 0 0 0 0 0 0 0 1 0 0 0 0 0
1 0 1 0 0 0 1 1 0 0 1 1 0 0 0 0 0 0 1 1 0 0 0 0
1 0 1 0 0 1 0 0 0 1 0 0 0 0 0 0 0 1 0 0 0 0 0 0
1 0 1 0 0 1 0 1 0 1 0 1 0 0 0 0 0 1 0 1 0 0 0 0
1 0 1 0 0 1 1 0 0 1 1 0 0 0 0 0 0 1 1 0 0 0 0 0
1 0 1 0 0 1 1 1 0 1 1 1 0 0 0 0 0 1 1 1 0 0 0 0
1 0 1 0 1 0 0 0 1 0 0 0 0 0 0 0 1 0 0 0 0 0 0 0
1 0 1 0 1 0 0 1 1 0 0 1 0 0 0 0 1 0 0 1 0 0 0 0
1 0 1 0 1 0 1 0 1 0 1 0 0 0 0 0 1 0 1 0 0 0 0 0
1 0 1 0 1 0 1 1 1 0 1 1 0 0 0 0 1 0 1 1 0 0 0 0
1 0 1 0 1 1 0 0 1 1 0 0 0 0 0 0 1 1 0 0 0 0 0 0
1 0 1 0 1 1 0 1 1 1 0 1 0 0 0 0 1 1 0 1 0 0 0 0
1 0 1 0 1 1 1 0 1 1 1 0 0 0 0 0 1 1 1 0 0 0 0 0
1 0 1 0 1 1 1 1 1 1 1 1 0 0 0 0 1 1 1 1 0 0 0 0
1 0 1 1 0 0 0 0 0 0 0 0 0 0 0 0 0 0 0 0 0 0 0 0
1 0 1 1 0 0 0 1 0 0 0 1 0 0 0 0 0 0 0 1 0 0 0 1
1 0 1 1 0 0 1 0 0 0 1 0 0 0 0 0 0 0 1 0 0 0 1 0
1 0 1 1 0 0 1 1 0 0 1 1 0 0 0 0 0 0 1 1 0 0 1 1
1 0 1 1 0 1 0 0 0 1 0 0 0 0 0 0 0 1 0 0 0 1 0 0
1 0 1 1 0 1 0 1 0 1 0 1 0 0 0 0 0 1 0 1 0 1 0 1
1 0 1 1 0 1 1 0 0 1 1 0 0 0 0 0 0 1 1 0 0 1 1 0
1 0 1 1 0 1 1 1 0 1 1 1 0 0 0 0 0 1 1 1 0 1 1 1
1 0 1 1 1 0 0 0 1 0 0 0 0 0 0 0 1 0 0 0 1 0 0 0
1 0 1 1 1 0 0 1 1 0 0 1 0 0 0 0 1 0 0 1 1 0 0 1
1 0 1 1 1 0 1 0 1 0 1 0 0 0 0 0 1 0 1 0 1 0 1 0
1 0 1 1 1 0 1 1 1 0 1 1 0 0 0 0 1 0 1 1 1 0 1 1
1 0 1 1 1 1 0 0 1 1 0 0 0 0 0 0 1 1 0 0 1 1 0 0
1 0 1 1 1 1 0 1 1 1 0 1 0 0 0 0 1 1 0 1 1 1 0 1
1 0 1 1 1 1 1 0 1 1 1 0 0 0 0 0 1 1 1 0 1 1 1 0
1 0 1 1 1 1 1 1 1 1 1 1 0 0 0 0 1 1 1 1 1 1 1 1
1 1 0 0 0 0 0 0 0 0 0 0 0 0 0 0 0 0 0 0 0 0 0 0
1 1 0 0 0 0 0 1 0 0 0 1 0 0 0 1 0 0 0 0 0 0 0 0
1 1 0 0 0 0 1 0 0 0 1 0 0 0 1 0 0 0 0 0 0 0 0 0
1 1 0 0 0 0 1 1 0 0 1 1 0 0 1 1 0 0 0 0 0 0 0 0
1 1 0 0 0 1 0 0 0 1 0 0 0 1 0 0 0 0 0 0 0 0 0 0
1 1 0 0 0 1 0 1 0 1 0 1 0 1 0 1 0 0 0 0 0 0 0 0
1 1 0 0 0 1 1 0 0 1 1 0 0 1 1 0 0 0 0 0 0 0 0 0
1 1 0 0 0 1 1 1 0 1 1 1 0 1 1 1 0 0 0 0 0 0 0 0
1 1 0 0 1 0 0 0 1 0 0 0 1 0 0 0 0 0 0 0 0 0 0 0
1 1 0 0 1 0 0 1 1 0 0 1 1 0 0 1 0 0 0 0 0 0 0 0
1 1 0 0 1 0 1 0 1 0 1 0 1 0 1 0 0 0 0 0 0 0 0 0
1 1 0 0 1 0 1 1 1 0 1 1 1 0 1 1 0 0 0 0 0 0 0 0
1 1 0 0 1 1 0 0 1 1 0 0 1 1 0 0 0 0 0 0 0 0 0 0
1 1 0 0 1 1 0 1 1 1 0 1 1 1 0 1 0 0 0 0 0 0 0 0
1 1 0 0 1 1 1 0 1 1 1 0 1 1 1 0 0 0 0 0 0 0 0 0
1 1 0 0 1 1 1 1 1 1 1 1 1 1 1 1 0 0 0 0 0 0 0 0
1 1 0 1 0 0 0 0 0 0 0 0 0 0 0 0 0 0 0 0 0 0 0 0
1 1 0 1 0 0 0 1 0 0 0 1 0 0 0 1 0 0 0 0 0 0 0 1
1 1 0 1 0 0 1 0 0 0 1 0 0 0 1 0 0 0 0 0 0 0 1 0
1 1 0 1 0 0 1 1 0 0 1 1 0 0 1 1 0 0 0 0 0 0 1 1
1 1 0 1 0 1 0 0 0 1 0 0 0 1 0 0 0 0 0 0 0 1 0 0
1 1 0 1 0 1 0 1 0 1 0 1 0 1 0 1 0 0 0 0 0 1 0 1
1 1 0 1 0 1 1 0 0 1 1 0 0 1 1 0 0 0 0 0 0 1 1 0
1 1 0 1 0 1 1 1 0 1 1 1 0 1 1 1 0 0 0 0 0 1 1 1
1 1 0 1 1 0 0 0 1 0 0 0 1 0 0 0 0 0 0 0 1 0 0 0
1 1 0 1 1 0 0 1 1 0 0 1 1 0 0 1 0 0 0 0 1 0 0 1
1 1 0 1 1 0 1 0 1 0 1 0 1 0 1 0 0 0 0 0 1 0 1 0
1 1 0 1 1 0 1 1 1 0 1 1 1 0 1 1 0 0 0 0 1 0 1 1
1 1 0 1 1 1 0 0 1 1 0 0 1 1 0 0 0 0 0 0 1 1 0 0
1 1 0 1 1 1 0 1 1 1 0 1 1 1 0 1 0 0 0 0 1 1 0 1
1 1 0 1 1 1 1 0 1 1 1 0 1 1 1 0 0 0 0 0 1 1 1 0
1 1 0 1 1 1 1 1 1 1 1 1 1 1 1 1 0 0 0 0 1 1 1 1
1 1 1 0 0 0 0 0 0 0 0 0 0 0 0 0 0 0 0 0 0 0 0 0
1 1 1 0 0 0 0 1 0 0 0 1 0 0 0 1 0 0 0 1 0 0 0 0
1 1 1 0 0 0 1 0 0 0 1 0 0 0 1 0 0 0 1 0 0 0 0 0
1 1 1 0 0 0 1 1 0 0 1 1 0 0 1 1 0 0 1 1 0 0 0 0
1 1 1 0 0 1 0 0 0 1 0 0 0 1 0 0 0 1 0 0 0 0 0 0
1 1 1 0 0 1 0 1 0 1 0 1 0 1 0 1 0 1 0 1 0 0 0 0
1 1 1 0 0 1 1 0 0 1 1 0 0 1 1 0 0 1 1 0 0 0 0 0
1 1 1 0 0 1 1 1 0 1 1 1 0 1 1 1 0 1 1 1 0 0 0 0
1 1 1 0 1 0 0 0 1 0 0 0 1 0 0 0 1 0 0 0 0 0 0 0
1 1 1 0 1 0 0 1 1 0 0 1 1 0 0 1 1 0 0 1 0 0 0 0
1 1 1 0 1 0 1 0 1 0 1 0 1 0 1 0 1 0 1 0 0 0 0 0
1 1 1 0 1 0 1 1 1 0 1 1 1 0 1 1 1 0 1 1 0 0 0 0
1 1 1 0 1 1 0 0 1 1 0 0 1 1 0 0 1 1 0 0 0 0 0 0
1 1 1 0 1 1 0 1 1 1 0 1 1 1 0 1 1 1 0 1 0 0 0 0
1 1 1 0 1 1 1 0 1 1 1 0 1 1 1 0 1 1 1 0 0 0 0 0
1 1 1 0 1 1 1 1 1 1 1 1 1 1 1 1 1 1 1 1 0 0 0 0
1 1 1 1 0 0 0 0 0 0 0 0 0 0 0 0 0 0 0 0 0 0 0 0
1 1 1 1 0 0 0 1 0 0 0 1 0 0 0 1 0 0 0 1 0 0 0 1
1 1 1 1 0 0 1 0 0 0 1 0 0 0 1 0 0 0 1 0 0 0 1 0
1 1 1 1 0 0 1 1 0 0 1 1 0 0 1 1 0 0 1 1 0 0 1 1
1 1 1 1 0 1 0 0 0 1 0 0 0 1 0 0 0 1 0 0 0 1 0 0
1 1 1 1 0 1 0 1 0 1 0 1 0 1 0 1 0 1 0 1 0 1 0 1
1 1 1 1 0 1 1 0 0 1 1 0 0 1 1 0 0 1 1 0 0 1 1 0
1 1 1 1 0 1 1 1 0 1 1 1 0 1 1 1 0 1 1 1 0 1 1 1
1 1 1 1 1 0 0 0 1 0 0 0 1 0 0 0 1 0 0 0 1 0 0 0
1 1 1 1 1 0 0 1 1 0 0 1 1 0 0 1 1 0 0 1 1 0 0 1
1 1 1 1 1 0 1 0 1 0 1 0 1 0 1 0 1 0 1 0 1 0 1 0
1 1 1 1 1 0 1 1 1 0 1 1 1 0 1 1 1 0 1 1 1 0 1 1
1 1 1 1 1 1 0 0 1 1 0 0 1 1 0 0 1 1 0 0 1 1 0 0
1 1 1 1 1 1 0 1 1 1 0 1 1 1 0 1 1 1 0 1 1 1 0 1
1 1 1 1 1 1 1 0 1 1 1 0 1 1 1 0 1 1 1 0 1 1 1 0
1 1 1 1 1 1 1 1 1 1 1 1 1 1 1 1 1 1 1 1 1 1 1 1

VERTEX_PERMUTATIONS:
0 1 2 3 4 5 6 7 8 9 10 11 12 13 14 15 16 17 18 19 20 21 22 23 24 25 26 27 28 29 30 31 32 33 34 35 36 37 38 39 40 41 42 43 44 45 46 47 48 49 50 51 52 53 54 55 56 57 58 59 60 61 62 63 128 129 130 131 132 133 134 135 136 137 138 139 140 141 142 143 144 145 146 147 148 149 150 151 152 153 154 155 156 157 158 159 160 161 162 163 164 165 166 167 168 169 170 171 172 173 174 175 176 177 178 179 180 181 182 183 184 185 186 187 188 189 190 191 64 65 66 67 68 69 70 71 72 73 74 75 76 77 78 79 80 81 82 83 84 85 86 87 88 89 90 91 92 93 94 95 96 97 98 99 100 101 102 103 104 105 106 107 108 109 110 111 112 113 114 115 116 117 118 119 120 121 122 123 124 125 126 127 192 193 194 195 196 197 198 199 200 201 202 203 204 205 206 207 208 209 210 211 212 213 214 215 216 217 218 219 220 221 222 223 224 225 226 227 228 229 230 231 232 233 234 235 236 237 238 239 240 241 242 243 244 245 246 247 248 249 250 251 252 253 254 255
0 1 2 3 4 5 6 7 8 9 10 11 12 13 14 15 16 17 18 19 20 21 22 23 24 25 26 27 28 29 30 31 128 129 130 131 132 133 134 135 136 137 138 139 140 141 142 143 144 145 146 147 148 149 150 151 152 153 154 155 156 157 158 159 64 65 66 67 68 69 70 71 72 73 74 75 76 77 78 79 80 81 82 83 84 85 86 87 88 89 90 91 92 93 94 95 192 193 194 195 196 197 198 199 200 201 202 203 204 205 206 207 208 209 210 211 212 213 214 215 216 217 218 219 220 221 222 223 32 33 34 35 36 37 38 39 40 41 42 43 44 45 46 47 48 49 50 51 52 53 54 55 56 57 58 59 60 61 62 63 160 161 162 163 164 165 166 167 168 169 170 171 172 173 174 175 176 177 178 179 180 181 182 183 184 185 186 187 188 189 190 191 96 97 98 99 100 101 102 103 104 105 106 107 108 109 110 111 112 113 114 115 116 117 118 119 120 121 122 123 124 125 126 127 224 225 226 227 228 229 230 231 232 233 234 235 236 237 238 239 240 241 242 243 244 245 246 247 248 249 250 251 252 253 254 255
0 1 2 3 4 5 6 7 8 9 10 11 12 13 14 15 128 129 130 131 132 133 134 135 136 137 138 139 140 141 142 143 32 33 34 35 36 37 38 39 40 41 42 43 44 45 46 47 160 161 162 163 164 165 166 167 168 169 170 171 172 173 174 175 64 65 66 67 68 69 70 71 72 73 74 75 76 77 78 79 192 193 194 195 196 197 198 199 200 201 202 203 204 205 206 207 96 97 98 99 100 101 102 103 104 105 106 107 108 109 110 111 224 225 226 227 228 229 230 231 232 233 234 235 236 237 238 239 16 17 18 19 20 21 22 23 24 25 26 27 28 29 30 31 144 145 146 147 148 149 150 151 152 153 154 155 156 157 158 159 48 49 50 51 52 53 54 55 56 57 58 59 60 61 62 63 176 177 178 179 180 181 182 183 184 185 186 187 188 189 190 191 80 81 82 83 84 85 86 87 88 89 90 91 92 93 94 95 208 209 210 211 212 213 214 215 216 217 218 219 220 221 222 223 112 113 114 115 116 117 118 119 120 121 122 123 124 125 126 127 240 241 242 243 244 245 246 247 248 249 250 251 252 253 254 255
0 1 2 3 8 9 10 11 4 5 6 7 12 13 14 15 16 17 18 19 24 25 26 27 20 21 22 23 28 29 30 31 32 33 34 35 40 41 42 43 36 37 38 39 44 45 46 47 48 49 50 51 56 57 58 59 52 53 54 55 60 61 62 63 64 65 66 67 72 73 74 75 68 69 70 71 76 77 78 79 80 81 82 83 88 89 90 91 84 85 86 87 92 93 94 95 96 97 98 99 104 105 106 107 100 101 102 103 108 109 110 111 112 113 114 115 120 121 122 123 116 117 118 119 124 125 126 127 128 129 130 131 136 137 138 139 132 133 134 135 140 141 142 143 144 145 146 147 152 153 154 155 148 149 150 151 156 157 158 159 160 161 162 163 168 169 170 171 164 165 166 167 172 173 174 175 176 177 178 179 184 185 186 187 180 181 182 183 188 189 190 191 192 193 194 195 200 201 202 203 196 197 198 199 204 205 206 207 208 209 210 211 216 217 218 219 212 213 214 215 220 221 222 223 224 225 226 227 232 233 234 235 228 229 230 231 236 237 238 239 240 241 242 243 248 249 250 251 244 245 246 247 252 253 254 255
0 1 8 9 4 5 12 13 2 3 10 11 6 7 14 15 16 17 24 25 20 21 28 29 18 19 26 27 22 23 30 31 32 33 40 41 36 37 44 45 34 35 42 43 38 39 46 47 48 49 56 57 52 53 60 61 50 51 58 59 54 55 62 63 64 65 72 73 68 69 76 77 66 67 74 75 70 71 78 79 80 81 88 89 84 85 92 93 82 83 90 91 86 87 94 95 96 97 104 105 100 101 108 109 98 99 106 107 102 103 110 111 112 113 120 121 116 117 124 125 114 115 122 123 118 119 126 127 128 129 136 137 132 133 140 141 130 131 138 139 134 135 142 143 144 145 152 153 148 149 156 157 146 147 154 155 150 151 158 159 160 161 168 169 164 165 172 173 162 163 170 171 166 167 174 175 176 177 184 185 180 181 188 189 178 179 186 187 182 183 190 191 192 193 200 201 196 197 204 205 194 195 202 203 198 199 206 207 208 209 216 217 212 213 220 221 210 211 218 219 214 215 222 223 224 225 232 233 228 229 236 237 226 227 234 235 230 231 238 239 240 241 248 249 244 245 252 253 242 243 250 251 246 247 254 255
0 8 2 10 4 12 6 14 1 9 3 11 5 13 7 15 16 24 18 26 20 28 22 30 17 25 19 27 21 29 23 31 32 40 34 42 36 44 38 46 33 41 35 43 37 45 39 47 48 56 50 58 52 60 54 62 49 57 51 59 53 61 55 63 64 72 66 74 68 76 70 78 65 73 67 75 69 77 71 79 80 88 82 90 84 92 86 94 81 89 83 91 85 93 87 95 96 104 98 106 100 108 102 110 97 105 99 107 101 109 103 111 112 120 114 122 116 124 118 126 113 121 115 123 117 125 119 127 128 136 130 138 132 140 134 142 129 137 131 139 133 141 135 143 144 152 146 154 148 156 150 158 145 153 147 155 149 157 151 159 160 168 162 170 164 172 166 174 161 169 163 171 165 173 167 175 176 184 178 186 180 188 182 190 177 185 179 187 181 189 183 191 192 200 194 202 196 204 198 206 193 201 195 203 197 205 199 207 208 216 210 218 212 220 214 222 209 217 211 219 213 221 215 223 224 232 226 234 228 236 230 238 225 233 227 235 229 237 231 239 240 248 242 250 244 252 246 254 241 249 243 251 245 253 247 255
128 129 130 131 132 133 134 135 136 137 138 139 140 141 142 143 144 145 146 147 148 149 150 151 152 153 154 155 156 157 158 159 160 161 162 163 164 165 166 167 168 169 170 171 172 173 174 175 176 177 178 179 180 181 182 183 184 185 186 187 188 189 190 191 192 193 194 195 196 197 198 199 200 201 202 203 204 205 206 207 208 209 210 211 212 213 214 215 216 217 218 219 220 221 222 223 224 225 226 227 228 229 230 231 232 233 234 235 236 237 238 239 240 241 242 243 244 245 246 247 248 249 250 251 252 253 254 255 0 1 2 3 4 5 6 7 8 9 10 11 12 13 14 15 16 17 18 19 20 21 22 23 24 25 26 27 28 29 30 31 32 33 34 35 36 37 38 39 40 41 42 43 44 45 46 47 48 49 50 51 52 53 54 55 56 57 58 59 60 61 62 63 64 65 66 67 68 69 70 71 72 73 74 75 76 77 78 79 80 81 82 83 84 85 86 87 88 89 90 91 92 93 94 95 96 97 98 99 100 101 102 103 104 105 106 107 108 109 110 111 112 113 114 115 116 117 118 119 120 121 122 123 124 125 126 127
8 9 10 11 12 13 14 15 0 1 2 3 4 5 6 7 24 25 26 27 28 29 30 31 16 17 18 19 20 21 22 23 40 41 42 43 44 45 46 47 32 33 34 35 36 37 38 39 56 57 58 59 60 61 62 63 48 49 50 51 52 53 54 55 72 73 74 75 76 77 78 79 64 65 66 67 68 69 70 71 88 89 90 91 92 93 94 95 80 81 82 83 84 85 86 87 104 105 106 107 108 109 110 111 96 97 98 99 100 101 102 103 120 121 122 123 124 125 126 127 112 113 114 115 116 117 118 119 136 137 138 139 140 141 142 143 128 129 130 131 132 133 134 135 152 153 154 155 156 157 158 159 144 145 146 147 148 149 150 151 168 169 170 171 172 173 174 175 160 161 162 163 164 165 166 167 184 185 186 187 188 189 190 191 176 177 178 179 180 181 182 183 200 201 202 203 204 205 206 207 192 193 194 195 196 197 198 199 216 217 218 219 220 221 222 223 208 209 210 211 212 213 214 215 232 233 234 235 236 237 238 239 224 225 226 227 228 229 230 231 248 249 250 251 252 253 254 255 240 241 242 243 244 245 246 247
0 16 32 48 64 80 96 112 128 144 160 176 192 208 224 240 1 17 33 49 65 81 97 113 129 145 161 177 193 209 225 241 2 18 34 50 66 82 98 114 130 146 162 178 194 210 226 242 3 19 35 51 67 83 99 115 131 147 163 179 195 211 227 243 4 20 36 52 68 84 100 116 132 148 164 180 196 212 228 244 5 21 37 53 69 85 101 117 133 149 165 181 197 213 229 245 6 22 38 54 70 86 102 118 134 150 166 182 198 214 230 246 7 23 39 55 71 87 103 119 135 151 167 183 199 215 231 247 8 24 40 56 72 88 104 120 136 152 168 184 200 216 232 248 9 25 41 57 73 89 105 121 137 153 169 185 201 217 233 249 10 26 42 58 74 90 106 122 138 154 170 186 202 218 234 250 11 27 43 59 75 91 107 123 139 155 171 187 203 219 235 251 12 28 44 60 76 92 108 124 140 156 172 188 204 220 236 252 13 29 45 61 77 93 109 125 141 157 173 189 205 221 237 253 14 30 46 62 78 94 110 126 142 158 174 190 206 222 238 254 15 31 47 63 79 95 111 127 143 159 175 191 207 223 239 255
