Names:
pA0x0 pA0x1 pA0x2 pA0x3 pA0x4 pB0y0 pB0y1 pB0y2 pAB00x0y0 pAB00x0y1 pAB00x0y2 pAB00x1y0 pAB00x1y1 pAB00x1y2 pAB00x2y0 pAB00x2y1 pAB00x2y2 pAB00x3y0 pAB00x3y1 pAB00x3y2 pAB00x4y0 pAB00x4y1 pAB00x4y2

Vertices:
0 0 0 0 0 0 0 0 0 0 0 0 0 0 0 0 0 0 0 0 0 0 0
0 0 0 0 0 0 0 1 0 0 0 0 0 0 0 0 0 0 0 0 0 0 0
0 0 0 0 0 0 1 0 0 0 0 0 0 0 0 0 0 0 0 0 0 0 0
0 0 0 0 0 0 1 1 0 0 0 0 0 0 0 0 0 0 0 0 0 0 0
0 0 0 0 0 1 0 0 0 0 0 0 0 0 0 0 0 0 0 0 0 0 0
0 0 0 0 0 1 0 1 0 0 0 0 0 0 0 0 0 0 0 0 0 0 0
0 0 0 0 0 1 1 0 0 0 0 0 0 0 0 0 0 0 0 0 0 0 0
0 0 0 0 0 1 1 1 0 0 0 0 0 0 0 0 0 0 0 0 0 0 0
0 0 0 0 1 0 0 0 0 0 0 0 0 0 0 0 0 0 0 0 0 0 0
0 0 0 0 1 0 0 1 0 0 0 0 0 0 0 0 0 0 0 0 0 0 1
0 0 0 0 1 0 1 0 0 0 0 0 0 0 0 0 0 0 0 0 0 1 0
0 0 0 0 1 0 1 1 0 0 0 0 0 0 0 0 0 0 0 0 0 1 1
0 0 0 0 1 1 0 0 0 0 0 0 0 0 0 0 0 0 0 0 1 0 0
0 0 0 0 1 1 0 1 0 0 0 0 0 0 0 0 0 0 0 0 1 0 1
0 0 0 0 1 1 1 0 0 0 0 0 0 0 0 0 0 0 0 0 1 1 0
0 0 0 0 1 1 1 1 0 0 0 0 0 0 0 0 0 0 0 0 1 1 1
0 0 0 1 0 0 0 0 0 0 0 0 0 0 0 0 0 0 0 0 0 0 0
0 0 0 1 0 0 0 1 0 0 0 0 0 0 0 0 0 0 0 1 0 0 0
0 0 0 1 0 0 1 0 0 0 0 0 0 0 0 0 0 0 1 0 0 0 0
0 0 0 1 0 0 1 1 0 0 0 0 0 0 0 0 0 0 1 1 0 0 0
0 0 0 1 0 1 0 0 0 0 0 0 0 0 0 0 0 1 0 0 0 0 0
0 0 0 1 0 1 0 1 0 0 0 0 0 0 0 0 0 1 0 1 0 0 0
0 0 0 1 0 1 1 0 0 0 0 0 0 0 0 0 0 1 1 0 0 0 0
0 0 0 1 0 1 1 1 0 0 0 0 0 0 0 0 0 1 1 1 0 0 0
0 0 0 1 1 0 0 0 0 0 0 0 0 0 0 0 0 0 0 0 0 0 0
0 0 0 1 1 0 0 1 0 0 0 0 0 0 0 0 0 0 0 1 0 0 1
0 0 0 1 1 0 1 0 0 0 0 0 0 0 0 0 0 0 1 0 0 1 0
0 0 0 1 1 0 1 1 0 0 0 0 0 0 0 0 0 0 1 1 0 1 1
0 0 0 1 1 1 0 0 0 0 0 0 0 0 0 0 0 1 0 0 1 0 0
0 0 0 1 1 1 0 1 0 0 0 0 0 0 0 0 0 1 0 1 1 0 1
0 0 0 1 1 1 1 0 0 0 0 0 0 0 0 0 0 1 1 0 1 1 0
0 0 0 1 1 1 1 1 0 0 0 0 0 0 0 0 0 1 1 1 1 1 1
0 0 1 0 0 0 0 0 0 0 0 0 0 0 0 0 0 0 0 0 0 0 0
0 0 1 0 0 0 0 1 0 0 0 0 0 0 0 0 1 0 0 0 0 0 0
0 0 1 0 0 0 1 0 0 0 0 0 0 0 0 1 0 0 0 0 0 0 0
0 0 1 0 0 0 1 1 0 0 0 0 0 0 0 1 1 0 0 0 0 0 0
0 0 1 0 0 1 0 0 0 0 0 0 0 0 1 0 0 0 0 0 0 0 0
0 0 1 0 0 1 0 1 0 0 0 0 0 0 1 0 1 0 0 0 0 0 0
0 0 1 0 0 1 1 0 0 0 0 0 0 0 1 1 0 0 0 0 0 0 0
0 0 1 0 0 1 1 1 0 0 0 0 0 0 1 1 1 0 0 0 0 0 0
0 0 1 0 1 0 0 0 0 0 0 0 0 0 0 0 0 0 0 0 0 0 0
0 0 1 0 1 0 0 1 0 0 0 0 0 0 0 0 1 0 0 0 0 0 1
0 0 1 0 1 0 1 0 0 0 0 0 0 0 0 1 0 0 0 0 0 1 0
0 0 1 0 1 0 1 1 0 0 0 0 0 0 0 1 1 0 0 0 0 1 1
0 0 1 0 1 1 0 0 0 0 0 0 0 0 1 0 0 0 0 0 1 0 0
0 0 1 0 1 1 0 1 0 0 0 0 0 0 1 0 1 0 0 0 1 0 1
0 0 1 0 1 1 1 0 0 0 0 0 0 0 1 1 0 0 0 0 1 1 0
0 0 1 0 1 1 1 1 0 0 0 0 0 0 1 1 1 0 0 0 1 1 1
0 0 1 1 0 0 0 0 0 0 0 0 0 0 0 0 0 0 0 0 0 0 0
0 0 1 1 0 0 0 1 0 0 0 0 0 0 0 0 1 0 0 1 0 0 0
0 0 1 1 0 0 1 0 0 0 0 0 0 0 0 1 0 0 1 0 0 0 0
0 0 1 1 0 0 1 1 0 0 0 0 0 0 0 1 1 0 1 1 0 0 0
0 0 1 1 0 1 0 0 0 0 0 0 0 0 1 0 0 1 0 0 0 0 0
0 0 1 1 0 1 0 1 0 0 0 0 0 0 1 0 1 1 0 1 0 0 0
0 0 1 1 0 1 1 0 0 0 0 0 0 0 1 1 0 1 1 0 0 0 0
0 0 1 1 0 1 1 1 0 0 0 0 0 0 1 1 1 1 1 1 0 0 0
0 0 1 1 1 0 0 0 0 0 0 0 0 0 0 0 0 0 0 0 0 0 0
0 0 1 1 1 0 0 1 0 0 0 0 0 0 0 0 1 0 0 1 0 0 1
0 0 1 1 1 0 1 0 0 0 0 0 0 0 0 1 0 0 1 0 0 1 0
0 0 1 1 1 0 1 1 0 0 0 0 0 0 0 1 1 0 1 1 0 1 1
0 0 1 1 1 1 0 0 0 0 0 0 0 0 1 0 0 1 0 0 1 0 0
0 0 1 1 1 1 0 1 0 0 0 0 0 0 1 0 1 1 0 1 1 0 1
0 0 1 1 1 1 1 0 0 0 0 0 0 0 1 1 0 1 1 0 1 1 0
0 0 1 1 1 1 1 1 0 0 0 0 0 0 1 1 1 1 1 1 1 1 1
0 1 0 0 0 0 0 0 0 0 0 0 0 0 0 0 0 0 0 0 0 0 0
0 1 0 0 0 0 0 1 0 0 0 0 0 1 0 0 0 0 0 0 0 0 0
0 1 0 0 0 0 1 0 0 0 0 0 1 0 0 0 0 0 0 0 0 0 0
0 1 0 0 0 0 1 1 0 0 0 0 1 1 0 0 0 0 0 0 0 0 0
0 1 0 0 0 1 0 0 0 0 0 1 0 0 0 0 0 0 0 0 0 0 0
0 1 0 0 0 1 0 1 0 0 0 1 0 1 0 0 0 0 0 0 0 0 0
0 1 0 0 0 1 1 0 0 0 0 1 1 0 0 0 0 0 0 0 0 0 0
0 1 0 0 0 1 1 1 0 0 0 1 1 1 0 0 0 0 0 0 0 0 0
0 1 0 0 1 0 0 0 0 0 0 0 0 0 0 0 0 0 0 0 0 0 0
0 1 0 0 1 0 0 1 0 0 0 0 0 1 0 0 0 0 0 0 0 0 1
0 1 0 0 1 0 1 0 0 0 0 0 1 0 0 0 0 0 0 0 0 1 0
0 1 0 0 1 0 1 1 0 0 0 0 1 1 0 0 0 0 0 0 0 1 1
0 1 0 0 1 1 0 0 0 0 0 1 0 0 0 0 0 0 0 0 1 0 0
0 1 0 0 1 1 0 1 0 0 0 1 0 1 0 0 0 0 0 0 1 0 1
0 1 0 0 1 1 1 0 0 0 0 1 1 0 0 0 0 0 0 0 1 1 0
0 1 0 0 1 1 1 1 0 0 0 1 1 1 0 0 0 0 0 0 1 1 1
0 1 0 1 0 0 0 0 0 0 0 0 0 0 0 0 0 0 0 0 0 0 0
0 1 0 1 0 0 0 1 0 0 0 0 0 1 0 0 0 0 0 1 0 0 0
0 1 0 1 0 0 1 0 0 0 0 0 1 0 0 0 0 0 1 0 0 0 0
0 1 0 1 0 0 1 1 0 0 0 0 1 1 0 0 0 0 1 1 0 0 0
0 1 0 1 0 1 0 0 0 0 0 1 0 0 0 0 0 1 0 0 0 0 0
0 1 0 1 0 1 0 1 0 0 0 1 0 1 0 0 0 1 0 1 0 0 0
0 1 0 1 0 1 1 0 0 0 0 1 1 0 0 0 0 1 1 0 0 0 0
0 1 0 1 0 1 1 1 0 0 0 1 1 1 0 0 0 1 1 1 0 0 0
0 1 0 1 1 0 0 0 0 0 0 0 0 0 0 0 0 0 0 0 0 0 0
0 1 0 1 1 0 0 1 0 0 0 0 0 1 0 0 0 0 0 1 0 0 1
0 1 0 1 1 0 1 0 0 0 0 0 1 0 0 0 0 0 1 0 0 1 0
0 1 0 1 1 0 1 1 0 0 0 0 1 1 0 0 0 0 1 1 0 1 1
0 1 0 1 1 1 0 0 0 0 0 1 0 0 0 0 0 1 0 0 1 0 0
0 1 0 1 1 1 0 1 0 0 0 1 0 1 0 0 0 1 0 1 1 0 1
0 1 0 1 1 1 1 0 0 0 0 1 1 0 0 0 0 1 1 0 1 1 0
0 1 0 1 1 1 1 1 0 0 0 1 1 1 0 0 0 1 1 1 1 1 1
0 1 1 0 0 0 0 0 0 0 0 0 0 0 0 0 0 0 0 0 0 0 0
0 1 1 0 0 0 0 1 0 0 0 0 0 1 0 0 1 0 0 0 0 0 0
0 1 1 0 0 0 1 0 0 0 0 0 1 0 0 1 0 0 0 0 0 0 0
0 1 1 0 0 0 1 1 0 0 0 0 1 1 0 1 1 0 0 0 0 0 0
0 1 1 0 0 1 0 0 0 0 0 1 0 0 1 0 0 0 0 0 0 0 0
0 1 1 0 0 1 0 1 0 0 0 1 0 1 1 0 1 0 0 0 0 0 0
0 1 1 0 0 1 1 0 0 0 0 1 1 0 1 1 0 0 0 0 0 0 0
0 1 1 0 0 1 1 1 0 0 0 1 1 1 1 1 1 0 0 0 0 0 0
0 1 1 0 1 0 0 0 0 0 0 0 0 0 0 0 0 0 0 0 0 0 0
0 1 1 0 1 0 0 1 0 0 0 0 0 1 0 0 1 0 0 0 0 0 1
0 1 1 0 1 0 1 0 0 0 0 0 1 0 0 1 0 0 0 0 0 1 0
0 1 1 0 1 0 1 1 0 0 0 0 1 1 0 1 1 0 0 0 0 1 1
0 1 1 0 1 1 0 0 0 0 0 1 0 0 1 0 0 0 0 0 1 0 0
0 1 1 0 1 1 0 1 0 0 0 1 0 1 1 0 1 0 0 0 1 0 1
0 1 1 0 1 1 1 0 0 0 0 1 1 0 1 1 0 0 0 0 1 1 0
0 1 1 0 1 1 1 1 0 0 0 1 1 1 1 1 1 0 0 0 1 1 1
0 1 1 1 0 0 0 0 0 0 0 0 0 0 0 0 0 0 0 0 0 0 0
0 1 1 1 0 0 0 1 0 0 0 0 0 1 0 0 1 0 0 1 0 0 0
0 1 1 1 0 0 1 0 0 0 0 0 1 0 0 1 0 0 1 0 0 0 0
0 1 1 1 0 0 1 1 0 0 0 0 1 1 0 1 1 0 1 1 0 0 0
0 1 1 1 0 1 0 0 0 0 0 1 0 0 1 0 0 1 0 0 0 0 0
0 1 1 1 0 1 0 1 0 0 0 1 0 1 1 0 1 1 0 1 0 0 0
0 1 1 1 0 1 1 0 0 0 0 1 1 0 1 1 0 1 1 0 0 0 0
0 1 1 1 0 1 1 1 0 0 0 1 1 1 1 1 1 1 1 1 0 0 0
0 1 1 1 1 0 0 0 0 0 0 0 0 0 0 0 0 0 0 0 0 0 0
0 1 1 1 1 0 0 1 0 0 0 0 0 1 0 0 1 0 0 1 0 0 1
0 1 1 1 1 0 1 0 0 0 0 0 1 0 0 1 0 0 1 0 0 1 0
0 1 1 1 1 0 1 1 0 0 0 0 1 1 0 1 1 0 1 1 0 1 1
0 1 1 1 1 1 0 0 0 0 0 1 0 0 1 0 0 1 0 0 1 0 0
0 1 1 1 1 1 0 1 0 0 0 1 0 1 1 0 1 1 0 1 1 0 1
0 1 1 1 1 1 1 0 0 0 0 1 1 0 1 1 0 1 1 0 1 1 0
0 1 1 1 1 1 1 1 0 0 0 1 1 1 1 1 1 1 1 1 1 1 1
1 0 0 0 0 0 0 0 0 0 0 0 0 0 0 0 0 0 0 0 0 0 0
1 0 0 0 0 0 0 1 0 0 1 0 0 0 0 0 0 0 0 0 0 0 0
1 0 0 0 0 0 1 0 0 1 0 0 0 0 0 0 0 0 0 0 0 0 0
1 0 0 0 0 0 1 1 0 1 1 0 0 0 0 0 0 0 0 0 0 0 0
1 0 0 0 0 1 0 0 1 0 0 0 0 0 0 0 0 0 0 0 0 0 0
1 0 0 0 0 1 0 1 1 0 1 0 0 0 0 0 0 0 0 0 0 0 0
1 0 0 0 0 1 1 0 1 1 0 0 0 0 0 0 0 0 0 0 0 0 0
1 0 0 0 0 1 1 1 1 1 1 0 0 0 0 0 0 0 0 0 0 0 0
1 0 0 0 1 0 0 0 0 0 0 0 0 0 0 0 0 0 0 0 0 0 0
1 0 0 0 1 0 0 1 0 0 1 0 0 0 0 0 0 0 0 0 0 0 1
1 0 0 0 1 0 1 0 0 1 0 0 0 0 0 0 0 0 0 0 0 1 0
1 0 0 0 1 0 1 1 0 1 1 0 0 0 0 0 0 0 0 0 0 1 1
1 0 0 0 1 1 0 0 1 0 0 0 0 0 0 0 0 0 0 0 1 0 0
1 0 0 0 1 1 0 1 1 0 1 0 0 0 0 0 0 0 0 0 1 0 1
1 0 0 0 1 1 1 0 1 1 0 0 0 0 0 0 0 0 0 0 1 1 0
1 0 0 0 1 1 1 1 1 1 1 0 0 0 0 0 0 0 0 0 1 1 1
1 0 0 1 0 0 0 0 0 0 0 0 0 0 0 0 0 0 0 0 0 0 0
1 0 0 1 0 0 0 1 0 0 1 0 0 0 0 0 0 0 0 1 0 0 0
1 0 0 1 0 0 1 0 0 1 0 0 0 0 0 0 0 0 1 0 0 0 0
1 0 0 1 0 0 1 1 0 1 1 0 0 0 0 0 0 0 1 1 0 0 0
1 0 0 1 0 1 0 0 1 0 0 0 0 0 0 0 0 1 0 0 0 0 0
1 0 0 1 0 1 0 1 1 0 1 0 0 0 0 0 0 1 0 1 0 0 0
1 0 0 1 0 1 1 0 1 1 0 0 0 0 0 0 0 1 1 0 0 0 0
1 0 0 1 0 1 1 1 1 1 1 0 0 0 0 0 0 1 1 1 0 0 0
1 0 0 1 1 0 0 0 0 0 0 0 0 0 0 0 0 0 0 0 0 0 0
1 0 0 1 1 0 0 1 0 0 1 0 0 0 0 0 0 0 0 1 0 0 1
1 0 0 1 1 0 1 0 0 1 0 0 0 0 0 0 0 0 1 0 0 1 0
1 0 0 1 1 0 1 1 0 1 1 0 0 0 0 0 0 0 1 1 0 1 1
1 0 0 1 1 1 0 0 1 0 0 0 0 0 0 0 0 1 0 0 1 0 0
1 0 0 1 1 1 0 1 1 0 1 0 0 0 0 0 0 1 0 1 1 0 1
1 0 0 1 1 1 1 0 1 1 0 0 0 0 0 0 0 1 1 0 1 1 0
1 0 0 1 1 1 1 1 1 1 1 0 0 0 0 0 0 1 1 1 1 1 1
1 0 1 0 0 0 0 0 0 0 0 0 0 0 0 0 0 0 0 0 0 0 0
1 0 1 0 0 0 0 1 0 0 1 0 0 0 0 0 1 0 0 0 0 0 0
1 0 1 0 0 0 1 0 0 1 0 0 0 0 0 1 0 0 0 0 0 0 0
1 0 1 0 0 0 1 1 0 1 1 0 0 0 0 1 1 0 0 0 0 0 0
1 0 1 0 0 1 0 0 1 0 0 0 0 0 1 0 0 0 0 0 0 0 0
1 0 1 0 0 1 0 1 1 0 1 0 0 0 1 0 1 0 0 0 0 0 0
1 0 1 0 0 1 1 0 1 1 0 0 0 0 1 1 0 0 0 0 0 0 0
1 0 1 0 0 1 1 1 1 1 1 0 0 0 1 1 1 0 0 0 0 0 0
1 0 1 0 1 0 0 0 0 0 0 0 0 0 0 0 0 0 0 0 0 0 0
1 0 1 0 1 0 0 1 0 0 1 0 0 0 0 0 1 0 0 0 0 0 1
1 0 1 0 1 0 1 0 0 1 0 0 0 0 0 1 0 0 0 0 0 1 0
1 0 1 0 1 0 1 1 0 1 1 0 0 0 0 1 1 0 0 0 0 1 1
1 0 1 0 1 1 0 0 1 0 0 0 0 0 1 0 0 0 0 0 1 0 0
1 0 1 0 1 1 0 1 1 0 1 0 0 0 1 0 1 0 0 0 1 0 1
1 0 1 0 1 1 1 0 1 1 0 0 0 0 1 1 0 0 0 0 1 1 0
1 0 1 0 1 1 1 1 1 1 1 0 0 0 1 1 1 0 0 0 1 1 1
1 0 1 1 0 0 0 0 0 0 0 0 0 0 0 0 0 0 0 0 0 0 0
1 0 1 1 0 0 0 1 0 0 1 0 0 0 0 0 1 0 0 1 0 0 0
1 0 1 1 0 0 1 0 0 1 0 0 0 0 0 1 0 0 1 0 0 0 0
1 0 1 1 0 0 1 1 0 1 1 0 0 0 0 1 1 0 1 1 0 0 0
1 0 1 1 0 1 0 0 1 0 0 0 0 0 1 0 0 1 0 0 0 0 0
1 0 1 1 0 1 0 1 1 0 1 0 0 0 1 0 1 1 0 1 0 0 0
1 0 1 1 0 1 1 0 1 1 0 0 0 0 1 1 0 1 1 0 0 0 0
1 0 1 1 0 1 1 1 1 1 1 0 0 0 1 1 1 1 1 1 0 0 0
1 0 1 1 1 0 0 0 0 0 0 0 0 0 0 0 0 0 0 0 0 0 0
1 0 1 1 1 0 0 1 0 0 1 0 0 0 0 0 1 0 0 1 0 0 1
1 0 1 1 1 0 1 0 0 1 0 0 0 0 0 1 0 0 1 0 0 1 0
1 0 1 1 1 0 1 1 0 1 1 0 0 0 0 1 1 0 1 1 0 1 1
1 0 1 1 1 1 0 0 1 0 0 0 0 0 1 0 0 1 0 0 1 0 0
1 0 1 1 1 1 0 1 1 0 1 0 0 0 1 0 1 1 0 1 1 0 1
1 0 1 1 1 1 1 0 1 1 0 0 0 0 1 1 0 1 1 0 1 1 0
1 0 1 1 1 1 1 1 1 1 1 0 0 0 1 1 1 1 1 1 1 1 1
1 1 0 0 0 0 0 0 0 0 0 0 0 0 0 0 0 0 0 0 0 0 0
1 1 0 0 0 0 0 1 0 0 1 0 0 1 0 0 0 0 0 0 0 0 0
1 1 0 0 0 0 1 0 0 1 0 0 1 0 0 0 0 0 0 0 0 0 0
1 1 0 0 0 0 1 1 0 1 1 0 1 1 0 0 0 0 0 0 0 0 0
1 1 0 0 0 1 0 0 1 0 0 1 0 0 0 0 0 0 0 0 0 0 0
1 1 0 0 0 1 0 1 1 0 1 1 0 1 0 0 0 0 0 0 0 0 0
1 1 0 0 0 1 1 0 1 1 0 1 1 0 0 0 0 0 0 0 0 0 0
1 1 0 0 0 1 1 1 1 1 1 1 1 1 0 0 0 0 0 0 0 0 0
1 1 0 0 1 0 0 0 0 0 0 0 0 0 0 0 0 0 0 0 0 0 0
1 1 0 0 1 0 0 1 0 0 1 0 0 1 0 0 0 0 0 0 0 0 1
1 1 0 0 1 0 1 0 0 1 0 0 1 0 0 0 0 0 0 0 0 1 0
1 1 0 0 1 0 1 1 0 1 1 0 1 1 0 0 0 0 0 0 0 1 1
1 1 0 0 1 1 0 0 1 0 0 1 0 0 0 0 0 0 0 0 1 0 0
1 1 0 0 1 1 0 1 1 0 1 1 0 1 0 0 0 0 0 0 1 0 1
1 1 0 0 1 1 1 0 1 1 0 1 1 0 0 0 0 0 0 0 1 1 0
1 1 0 0 1 1 1 1 1 1 1 1 1 1 0 0 0 0 0 0 1 1 1
1 1 0 1 0 0 0 0 0 0 0 0 0 0 0 0 0 0 0 0 0 0 0
1 1 0 1 0 0 0 1 0 0 1 0 0 1 0 0 0 0 0 1 0 0 0
1 1 0 1 0 0 1 0 0 1 0 0 1 0 0 0 0 0 1 0 0 0 0
1 1 0 1 0 0 1 1 0 1 1 0 1 1 0 0 0 0 1 1 0 0 0
1 1 0 1 0 1 0 0 1 0 0 1 0 0 0 0 0 1 0 0 0 0 0
1 1 0 1 0 1 0 1 1 0 1 1 0 1 0 0 0 1 0 1 0 0 0
1 1 0 1 0 1 1 0 1 1 0 1 1 0 0 0 0 1 1 0 0 0 0
1 1 0 1 0 1 1 1 1 1 1 1 1 1 0 0 0 1 1 1 0 0 0
1 1 0 1 1 0 0 0 0 0 0 0 0 0 0 0 0 0 0 0 0 0 0
1 1 0 1 1 0 0 1 0 0 1 0 0 1 0 0 0 0 0 1 0 0 1
1 1 0 1 1 0 1 0 0 1 0 0 1 0 0 0 0 0 1 0 0 1 0
1 1 0 1 1 0 1 1 0 1 1 0 1 1 0 0 0 0 1 1 0 1 1
1 1 0 1 1 1 0 0 1 0 0 1 0 0 0 0 0 1 0 0 1 0 0
1 1 0 1 1 1 0 1 1 0 1 1 0 1 0 0 0 1 0 1 1 0 1
1 1 0 1 1 1 1 0 1 1 0 1 1 0 0 0 0 1 1 0 1 1 0
1 1 0 1 1 1 1 1 1 1 1 1 1 1 0 0 0 1 1 1 1 1 1
1 1 1 0 0 0 0 0 0 0 0 0 0 0 0 0 0 0 0 0 0 0 0
1 1 1 0 0 0 0 1 0 0 1 0 0 1 0 0 1 0 0 0 0 0 0
1 1 1 0 0 0 1 0 0 1 0 0 1 0 0 1 0 0 0 0 0 0 0
1 1 1 0 0 0 1 1 0 1 1 0 1 1 0 1 1 0 0 0 0 0 0
1 1 1 0 0 1 0 0 1 0 0 1 0 0 1 0 0 0 0 0 0 0 0
1 1 1 0 0 1 0 1 1 0 1 1 0 1 1 0 1 0 0 0 0 0 0
1 1 1 0 0 1 1 0 1 1 0 1 1 0 1 1 0 0 0 0 0 0 0
1 1 1 0 0 1 1 1 1 1 1 1 1 1 1 1 1 0 0 0 0 0 0
1 1 1 0 1 0 0 0 0 0 0 0 0 0 0 0 0 0 0 0 0 0 0
1 1 1 0 1 0 0 1 0 0 1 0 0 1 0 0 1 0 0 0 0 0 1
1 1 1 0 1 0 1 0 0 1 0 0 1 0 0 1 0 0 0 0 0 1 0
1 1 1 0 1 0 1 1 0 1 1 0 1 1 0 1 1 0 0 0 0 1 1
1 1 1 0 1 1 0 0 1 0 0 1 0 0 1 0 0 0 0 0 1 0 0
1 1 1 0 1 1 0 1 1 0 1 1 0 1 1 0 1 0 0 0 1 0 1
1 1 1 0 1 1 1 0 1 1 0 1 1 0 1 1 0 0 0 0 1 1 0
1 1 1 0 1 1 1 1 1 1 1 1 1 1 1 1 1 0 0 0 1 1 1
1 1 1 1 0 0 0 0 0 0 0 0 0 0 0 0 0 0 0 0 0 0 0
1 1 1 1 0 0 0 1 0 0 1 0 0 1 0 0 1 0 0 1 0 0 0
1 1 1 1 0 0 1 0 0 1 0 0 1 0 0 1 0 0 1 0 0 0 0
1 1 1 1 0 0 1 1 0 1 1 0 1 1 0 1 1 0 1 1 0 0 0
1 1 1 1 0 1 0 0 1 0 0 1 0 0 1 0 0 1 0 0 0 0 0
1 1 1 1 0 1 0 1 1 0 1 1 0 1 1 0 1 1 0 1 0 0 0
1 1 1 1 0 1 1 0 1 1 0 1 1 0 1 1 0 1 1 0 0 0 0
1 1 1 1 0 1 1 1 1 1 1 1 1 1 1 1 1 1 1 1 0 0 0
1 1 1 1 1 0 0 0 0 0 0 0 0 0 0 0 0 0 0 0 0 0 0
1 1 1 1 1 0 0 1 0 0 1 0 0 1 0 0 1 0 0 1 0 0 1
1 1 1 1 1 0 1 0 0 1 0 0 1 0 0 1 0 0 1 0 0 1 0
1 1 1 1 1 0 1 1 0 1 1 0 1 1 0 1 1 0 1 1 0 1 1
1 1 1 1 1 1 0 0 1 0 0 1 0 0 1 0 0 1 0 0 1 0 0
1 1 1 1 1 1 0 1 1 0 1 1 0 1 1 0 1 1 0 1 1 0 1
1 1 1 1 1 1 1 0 1 1 0 1 1 0 1 1 0 1 1 0 1 1 0
1 1 1 1 1 1 1 1 1 1 1 1 1 1 1 1 1 1 1 1 1 1 1

VERTEX_PERMUTATIONS:
0 1 2 3 4 5 6 7 8 9 10 11 12 13 14 15 16 17 18 19 20 21 22 23 24 25 26 27 28 29 30 31 32 33 34 35 36 37 38 39 40 41 42 43 44 45 46 47 48 49 50 51 52 53 54 55 56 57 58 59 60 61 62 63 128 129 130 131 132 133 134 135 136 137 138 139 140 141 142 143 144 145 146 147 148 149 150 151 152 153 154 155 156 157 158 159 160 161 162 163 164 165 166 167 168 169 170 171 172 173 174 175 176 177 178 179 180 181 182 183 184 185 186 187 188 189 190 191 64 65 66 67 68 69 70 71 72 73 74 75 76 77 78 79 80 81 82 83 84 85 86 87 88 89 90 91 92 93 94 95 96 97 98 99 100 101 102 103 104 105 106 107 108 109 110 111 112 113 114 115 116 117 118 119 120 121 122 123 124 125 126 127 192 193 194 195 196 197 198 199 200 201 202 203 204 205 206 207 208 209 210 211 212 213 214 215 216 217 218 219 220 221 222 223 224 225 226 227 228 229 230 231 232 233 234 235 236 237 238 239 240 241 242 243 244 245 246 247 248 249 250 251 252 253 254 255
0 1 2 3 4 5 6 7 8 9 10 11 12 13 14 15 16 17 18 19 20 21 22 23 24 25 26 27 28 29 30 31 128 129 130 131 132 133 134 135 136 137 138 139 140 141 142 143 144 145 146 147 148 149 150 151 152 153 154 155 156 157 158 159 64 65 66 67 68 69 70 71 72 73 74 75 76 77 78 79 80 81 82 83 84 85 86 87 88 89 90 91 92 93 94 95 192 193 194 195 196 197 198 199 200 201 202 203 204 205 206 207 208 209 210 211 212 213 214 215 216 217 218 219 220 221 222 223 32 33 34 35 36 37 38 39 40 41 42 43 44 45 46 47 48 49 50 51 52 53 54 55 56 57 58 59 60 61 62 63 160 161 162 163 164 165 166 167 168 169 170 171 172 173 174 175 176 177 178 179 180 181 182 183 184 185 186 187 188 189 190 191 96 97 98 99 100 101 102 103 104 105 106 107 108 109 110 111 112 113 114 115 116 117 118 119 120 121 122 123 124 125 126 127 224 225 226 227 228 229 230 231 232 233 234 235 236 237 238 239 240 241 242 243 244 245 246 247 248 249 250 251 252 253 254 255
0 1 2 3 4 5 6 7 8 9 10 11 12 13 14 15 128 129 130 131 132 133 134 135 136 137 138 139 140 141 142 143 32 33 34 35 36 37 38 39 40 41 42 43 44 45 46 47 160 161 162 163 164 165 166 167 168 169 170 171 172 173 174 175 64 65 66 67 68 69 70 71 72 73 74 75 76 77 78 79 192 193 194 195 196 197 198 199 200 201 202 203 204 205 206 207 96 97 98 99 100 101 102 103 104 105 106 107 108 109 110 111 224 225 226 227 228 229 230 231 232 233 234 235 236 237 238 239 16 17 18 19 20 21 22 23 24 25 26 27 28 29 30 31 144 145 146 147 148 149 150 151 152 153 154 155 156 157 158 159 48 49 50 51 52 53 54 55 56 57 58 59 60 61 62 63 176 177 178 179 180 181 182 183 184 185 186 187 188 189 190 191 80 81 82 83 84 85 86 87 88 89 90 91 92 93 94 95 208 209 210 211 212 213 214 215 216 217 218 219 220 221 222 223 112 113 114 115 116 117 118 119 120 121 122 123 124 125 126 127 240 241 242 243 244 245 246 247 248 249 250 251 252 253 254 255
0 1 2 3 4 5 6 7 128 129 130 131 132 133 134 135 16 17 18 19 20 21 22 23 144 145 146 147 148 149 150 151 32 33 34 35 36 37 38 39 160 161 162 163 164 165 166 167 48 49 50 51 52 53 54 55 176 177 178 179 180 181 182 183 64 65 66 67 68 69 70 71 192 193 194 195 196 197 198 199 80 81 82 83 84 85 86 87 208 209 210 211 212 213 214 215 96 97 98 99 100 101 102 103 224 225 226 227 228 229 230 231 112 113 114 115 116 117 118 119 240 241 242 243 244 245 246 247 8 9 10 11 12 13 14 15 136 137 138 139 140 141 142 143 24 25 26 27 28 29 30 31 152 153 154 155 156 157 158 159 40 41 42 43 44 45 46 47 168 169 170 171 172 173 174 175 56 57 58 59 60 61 62 63 184 185 186 187 188 189 190 191 72 73 74 75 76 77 78 79 200 201 202 203 204 205 206 207 88 89 90 91 92 93 94 95 216 217 218 219 220 221 222 223 104 105 106 107 108 109 110 111 232 233 234 235 236 237 238 239 120 121 122 123 124 125 126 127 248 249 250 251 252 253 254 255
0 1 4 5 2 3 6 7 8 9 12 13 10 11 14 15 16 17 20 21 18 19 22 23 24 25 28 29 26 27 30 31 32 33 36 37 34 35 38 39 40 41 44 45 42 43 46 47 48 49 52 53 50 51 54 55 56 57 60 61 58 59 62 63 64 65 68 69 66 67 70 71 72 73 76 77 74 75 78 79 80 81 84 85 82 83 86 87 88 89 92 93 90 91 94 95 96 97 100 101 98 99 102 103 104 105 108 109 106 107 110 111 112 113 116 117 114 115 118 119 120 121 124 125 122 123 126 127 128 129 132 133 130 131 134 135 136 137 140 141 138 139 142 143 144 145 148 149 146 147 150 151 152 153 156 157 154 155 158 159 160 161 164 165 162 163 166 167 168 169 172 173 170 171 174 175 176 177 180 181 178 179 182 183 184 185 188 189 186 187 190 191 192 193 196 197 194 195 198 199 200 201 204 205 202 203 206 207 208 209 212 213 210 211 214 215 216 217 220 221 218 219 222 223 224 225 228 229 226 227 230 231 232 233 236 237 234 235 238 239 240 241 244 245 242 243 246 247 248 249 252 253 250 251 254 255
0 4 2 6 1 5 3 7 8 12 10 14 9 13 11 15 16 20 18 22 17 21 19 23 24 28 26 30 25 29 27 31 32 36 34 38 33 37 35 39 40 44 42 46 41 45 43 47 48 52 50 54 49 53 51 55 56 60 58 62 57 61 59 63 64 68 66 70 65 69 67 71 72 76 74 78 73 77 75 79 80 84 82 86 81 85 83 87 88 92 90 94 89 93 91 95 96 100 98 102 97 101 99 103 104 108 106 110 105 109 107 111 112 116 114 118 113 117 115 119 120 124 122 126 121 125 123 127 128 132 130 134 129 133 131 135 136 140 138 142 137 141 139 143 144 148 146 150 145 149 147 151 152 156 154 158 153 157 155 159 160 164 162 166 161 165 163 167 168 172 170 174 169 173 171 175 176 180 178 182 177 181 179 183 184 188 186 190 185 189 187 191 192 196 194 198 193 197 195 199 200 204 202 206 201 205 203 207 208 212 210 214 209 213 211 215 216 220 218 222 217 221 219 223 224 228 226 230 225 229 227 231 232 236 234 238 233 237 235 239 240 244 242 246 241 245 243 247 248 252 250 254 249 253 251 255
128 129 130 131 132 133 134 135 136 137 138 139 140 141 142 143 144 145 146 147 148 149 150 151 152 153 154 155 156 157 158 159 160 161 162 163 164 165 166 167 168 169 170 171 172 173 174 175 176 177 178 179 180 181 182 183 184 185 186 187 188 189 190 191 192 193 194 195 196 197 198 199 200 201 202 203 204 205 206 207 208 209 210 211 212 213 214 215 216 217 218 219 220 221 222 223 224 225 226 227 228 229 230 231 232 233 234 235 236 237 238 239 240 241 242 243 244 245 246 247 248 249 250 251 252 253 254 255 0 1 2 3 4 5 6 7 8 9 10 11 12 13 14 15 16 17 18 19 20 21 22 23 24 25 26 27 28 29 30 31 32 33 34 35 36 37 38 39 40 41 42 43 44 45 46 47 48 49 50 51 52 53 54 55 56 57 58 59 60 61 62 63 64 65 66 67 68 69 70 71 72 73 74 75 76 77 78 79 80 81 82 83 84 85 86 87 88 89 90 91 92 93 94 95 96 97 98 99 100 101 102 103 104 105 106 107 108 109 110 111 112 113 114 115 116 117 118 119 120 121 122 123 124 125 126 127
4 5 6 7 0 1 2 3 12 13 14 15 8 9 10 11 20 21 22 23 16 17 18 19 28 29 30 31 24 25 26 27 36 37 38 39 32 33 34 35 44 45 46 47 40 41 42 43 52 53 54 55 48 49 50 51 60 61 62 63 56 57 58 59 68 69 70 71 64 65 66 67 76 77 78 79 72 73 74 75 84 85 86 87 80 81 82 83 92 93 94 95 88 89 90 91 100 101 102 103 96 97 98 99 108 109 110 111 104 105 106 107 116 117 118 119 112 113 114 115 124 125 126 127 120 121 122 123 132 133 134 135 128 129 130 131 140 141 142 143 136 137 138 139 148 149 150 151 144 145 146 147 156 157 158 159 152 153 154 155 164 165 166 167 160 161 162 163 172 173 174 175 168 169 170 171 180 181 182 183 176 177 178 179 188 189 190 191 184 185 186 187 196 197 198 199 192 193 194 195 204 205 206 207 200 201 202 203 212 213 214 215 208 209 210 211 220 221 222 223 216 217 218 219 228 229 230 231 224 225 226 227 236 237 238 239 232 233 234 235 244 245 246 247 240 241 242 243 252 253 254 255 248 249 250 251
