Names:
pAB00x0y0 pAB00x0y1 pAB00x1y0 pAB00x1y1 pAB01x0y0 pAB01x0y1 pAB01x1y0 pAB01x1y1 pAB10x0y0 pAB10x0y1 pAB10x1y0 pAB10x1y1 pAB11x0y0 pAB11x0y1 pAB11x1y0 pAB11x1y1

Vertices:
0 0 0 0 0 0 0 0 0 0 0 0 1 1 1 1
0 0 0 0 0 0 0 0 0 1 0 1 1 0 1 0
0 0 0 0 0 0 0 0 1 0 1 0 0 1 0 1
0 0 0 0 0 0 0 0 1 1 1 1 0 0 0 0
0 0 0 0 0 0 1 1 0 0 0 0 1 1 0 0
0 0 0 0 1 1 0 0 0 0 0 0 0 0 1 1
0 0 0 0 1 1 1 1 0 0 0 0 0 0 0 0
0 0 0 1 0 0 1 0 0 1 0 0 1 0 0 0
0 0 1 0 0 0 0 1 1 0 0 0 0 1 0 0
0 0 1 1 0 0 0 0 1 1 0 0 0 0 0 0
0 1 0 0 1 0 0 0 0 0 0 1 0 0 1 0
0 1 0 1 1 0 1 0 0 0 0 0 0 0 0 0
1 0 0 0 0 1 0 0 0 0 1 0 0 0 0 1
1 0 1 0 0 1 0 1 0 0 0 0 0 0 0 0
1 1 0 0 0 0 0 0 0 0 1 1 0 0 0 0
1 1 1 1 0 0 0 0 0 0 0 0 0 0 0 0

VERTEX_PERMUTATIONS:
0 1 2 3 5 4 6 10 12 14 7 11 8 13 9 15
0 2 1 3 4 5 6 8 7 9 12 13 10 11 14 15
5 10 12 14 6 0 4 11 13 15 1 7 2 8 3 9
2 3 0 1 8 12 13 9 4 7 14 15 5 6 10 11
0 4 5 6 1 2 3 7 10 11 8 9 12 14 13 15
